822 1056
218 512
526 363
177 616
803 417
662 23
191 816
471 669
699 268
451 296
343 270
627 73
520 536
164 246
331 216
521 120
426 598
122 467
431 591
287 385
467 568
30 289
735 597
357 618
797 193
583 811
442 822
450 779
502 624
113 84
479 369
791 576
729 680
476 70
272 812
302 508
408 496
615 384
559 121
725 683
353 642
297 156
77 604
728 216
587 436
547 371
636 256
64 246
331 697
631 820
20 151
389 778
306 761
613 48
365 35
713 343
700 14
291 550
114 562
124 652
88 341
123 595
679 706
454 179
733 28
260 7
75 625
237 546
673 652
593 575
668 29
263 216
84 340
690 603
745 87
425 234
541 238
145 643
416 455
610 345
351 396
257 541
274 725
309 775
294 307
282 248
274 173
109 77
484 26
335 222
390 10
207 198
449 8
2 229
203 25
176 470
173 96
481 671
197 574
250 248
776 423
600 737
74 42
22 518
377 646
237 676
787 685
774 798
205 454
563 495
387 690
484 668
580 150
384 319
314 519
711 523
703 241
457 186
183 173
658 387
499 275
200 55
543 745
83 292
368 770
520 186
221 462
241 182
753 196
789 270
411 352
563 594
715 369
751 728
670 288
328 302
630 687
88 19
662 403
22 393
581 609
738 601
493 34
458 4
194 518
265 77
499 498
464 767
785 395
371 580
749 59
632 177
580 771
398 782
287 468
344 747
392 656
643 324
489 89
575 663
719 44
159 326
692 505
149 85
644 499
253 446
637 266
472 46
13 370
487 75
522 566
684 745
361 57
592 647
288 700
620 341
184 456
492 357
28 112
731 696
295 678
752 68
321 270
101 596
71 50
755 783
522 757
761 564
595 749
373 369
776 155
563 801
468 561
127 302
704 714
440 73
389 393
602 661
501 343
234 491
321 633
751 194
543 651
333 110
27 396
579 362
329 149
252 438
390 352
422 323
116 293
502 338
623 435
373 268
784 811
236 628
457 302
377 369
388 275
344 102
386 542
702 811
532 746
67 188
175 455
122 618
429 178
512 355
132 52
272 231
210 234
260 317
349 262
101 765
11 158
499 113
463 544
405 296
353 111
162 151
277 713
692 615
333 103
449 554
821 600
76 770
427 478
274 368
97 205
586 627
649 407
546 439
413 719
46 388
173 266
690 705
623 396
3 783
328 480
454 168
707 310
15 20
452 49
758 656
545 657
170 108
792 99
339 489
639 120
613 640
792 236
19 490
9 198
435 811
245 312
761 318
492 782
318 309
779 439
575 324
490 176
740 680
719 490
388 418
731 391
266 93
35 273
767 569
575 725
220 793
264 271
294 24
425 81
500 474
124 319
796 708
179 188
362 740
216 348
751 21
799 783
517 24
537 91
606 287
51 259
410 113
23 769
189 78
53 780
553 791
599 216
32 322
320 90
356 317
47 475
95 742
784 504
575 168
534 466
311 35
227 484
668 471
395 681
804 468
33 209
339 325
781 583
57 654
706 492
689 108
238 803
322 56
172 371
746 771
492 803
687 17
357 670
118 483
732 171
397 227
255 51
642 491
137 297
333 379
370 31
486 153
575 696
732 270
432 307
300 220
355 452
443 11
133 264
37 255
314 372
751 468
684 378
806 33
546 766
212 33
692 446
383 300
19 755
292 473
813 445
128 735
619 351
581 40
61 333
216 681
264 174
472 136
264 589
215 314
797 433
317 425
580 495
66 318
799 560
318 637
595 472
334 364
190 465
300 401
106 570
241 291
66 71
28 391
149 205
38 394
492 526
541 497
587 484
688 42
358 648
362 39
518 1
492 268
534 773
11 759
114 198
767 467
534 129
127 191
404 205
806 617
677 650
684 256
575 453
485 327
92 543
519 793
202 152
74 599
324 588
302 590
666 528
227 634
669 485
478 163
184 7
532 344
312 326
514 469
213 801
816 417
128 345
668 564
530 441
567 466
604 256
98 792
370 222
327 639
286 123
147 255
105 155
467 454
167 379
810 527
435 626
537 122
120 718
468 135
72 306
276 584
348 26
91 258
506 742
791 588
37 680
313 744
177 754
244 698
184 231
364 766
663 331
137 104
368 509
599 585
286 542
515 336
459 500
531 202
239 765
537 55
521 301
325 298
573 413
445 43
275 194
106 606
793 334
457 627
109 426
735 65
682 574
476 401
697 644
24 711
457 134
617 712
659 14
427 192
599 46
435 286
87 378
673 779
586 611
188 773
444 804
140 492
171 671
752 195
223 368
767 689
570 223
585 702
202 282
811 591
88 203
725 568
159 156
488 739
781 358
693 724
306 421
613 551
592 695
742 408
22 189
590 436
42 573
813 341
506 143
667 224
220 543
642 454
498 268
372 794
295 315
531 81
27 646
783 764
734 613
546 783
540 26
716 700
215 199
408 89
307 489
625 745
126 398
352 221
673 571
71 39
486 85
499 666
182 777
421 591
248 383
71 273
70 247
543 638
100 276
161 404
819 104
163 815
710 616
415 232
33 76
455 65
61 10
779 706
247 40
605 341
616 159
357 301
640 329
714 277
80 814
709 707
74 453
690 86
689 455
514 767
803 535
126 462
466 228
673 388
163 85
713 61
671 429
157 792
789 65
303 420
512 382
50 45
278 279
316 94
389 618
300 333
347 716
494 549
459 277
593 574
25 345
116 446
163 8
368 409
297 227
349 25
374 383
51 53
639 746
483 357
615 526
715 273
473 606
274 396
366 37
96 212
233 166
348 821
715 515
618 57
194 234
270 27
673 570
548 268
297 766
454 568
794 263
15 115
236 439
25 278
185 169
725 14
316 562
688 458
583 431
814 371
508 73
821 380
613 594
14 6
723 88
183 332
733 812
524 484
461 381
280 822
536 353
655 740
347 598
745 109
356 332
624 575
797 801
196 814
62 413
374 403
347 504
517 698
466 488
790 725
463 620
187 311
778 805
229 448
375 432
390 616
4 179
786 706
264 116
617 562
680 648
765 610
116 326
639 210
94 646
745 352
455 181
592 681
488 277
587 86
97 591
19 638
448 262
16 219
470 274
652 222
780 491
194 712
689 698
796 679
139 729
213 792
692 694
112 31
819 166
74 682
390 11
658 24
712 490
587 61
786 573
341 463
642 569
7 790
425 791
90 66
311 146
95 71
759 772
441 11
144 586
302 293
616 574
670 720
716 233
754 450
491 412
584 522
185 716
30 476
435 770
602 414
433 535
550 822
374 459
325 706
15 719
662 469
69 554
92 254
318 812
702 436
271 385
223 655
778 204
638 412
559 262
26 324
684 304
549 598
229 161
718 201
716 457
557 181
559 364
374 441
759 421
224 437
381 637
620 731
350 73
161 187
761 25
496 279
124 72
522 593
555 142
548 66
243 618
399 720
464 177
426 670
718 4
601 217
77 496
398 763
662 772
398 474
456 381
493 627
360 113
203 626
441 73
247 594
211 501
591 566
505 341
137 756
822 164
569 325
669 95
285 522
811 128
205 177
347 250
415 148
119 635
192 355
709 631
46 567
596 294
817 402
222 385
703 7
652 482
184 731
490 601
51 96
609 200
760 557
560 532
217 162
441 734
250 493
745 83
499 107
119 486
513 117
3 716
84 310
150 369
322 628
2 562
569 795
282 785
151 91
666 211
460 438
125 528
444 754
123 416
408 403
140 65
86 344
605 680
670 654
251 568
552 501
169 360
771 482
111 701
345 442
610 256
239 21
547 584
781 317
784 623
793 111
666 231
27 265
705 479
523 368
546 87
298 677
695 493
211 648
309 128
578 626
644 741
691 84
662 755
627 655
547 498
760 194
666 327
260 783
85 398
439 606
587 625
691 71
175 661
19 571
535 226
620 613
467 719
803 530
565 335
370 435
758 614
674 15
542 4
18 641
731 93
718 267
276 282
544 404
613 454
15 324
662 118
645 260
458 281
158 412
637 663
711 383
463 667
654 308
612 544
587 300
642 177
530 42
298 136
528 158
760 519
500 800
585 34
348 55
561 267
439 232
822 505
52 768
510 627
437 164
587 52
342 764
476 8
677 285
69 30
218 366
126 437
85 27
533 449
649 488
474 771
177 641
146 513
391 57
720 809
23 768
190 165
511 195
160 136
249 732
757 110
374 770
538 692
230 294
380 425
305 384
545 27
325 498
193 79
511 475
771 53
92 672
382 275
471 109
743 692
74 456
56 672
195 748
701 61
65 709
651 617
714 819
33 580
740 334
587 186
762 331
585 242
646 428
275 650
444 742
433 153
186 225
575 125
282 161
701 785
587 552
16 542
63 590
210 18
487 216
466 721
264 820
373 382
671 596
552 200
544 170
243 310
733 494
493 150
731 130
670 406
341 56
485 357
49 370
299 167
769 376
551 341
702 245
218 193
453 555
301 302
138 144
724 52
338 317
172 67
211 592
47 29
337 310
706 748
714 503
618 667
703 511
327 41
576 166
688 43
453 679
73 610
640 142
393 451
753 94
242 292
768 204
559 156
327 371
118 617
148 540
339 364
385 201
501 368
321 423
505 583
189 261
620 259
550 366
762 431
607 363
728 755
694 472
334 709
289 471
358 395
578 350
152 601
790 321
475 662
228 56
735 276
156 344
317 634
685 149
819 53
671 28
189 35
433 329
112 159
574 524
137 693
190 649
453 91
678 608
806 437
585 311
661 549
143 297
625 794
775 715
741 444
796 332
721 497
586 105
399 151
716 386
259 579
222 597
776 705
657 768
235 355
494 710
73 109
334 716
524 523
622 256
655 351
4 114
663 795
230 654
118 529
165 456
129 255
