900 2920
322 177 849
224 21 864
195 517 57
532 811 609
446 458 817
275 161 751
643 857 959
38 694 424
161 880 864
823 302 211
407 654 522
274 768 854
580 311 495
636 570 974
554 11 46
847 427 623
329 296 287
459 9 726
283 506 161
285 766 246
681 86 377
299 313 193
137 866 933
405 6 844
233 761 810
92 783 536
825 476 887
182 198 653
252 610 846
91 864 590
814 662 270
858 736 273
127 728 814
700 770 828
873 390 279
291 153 431
644 205 974
329 468 683
224 452 441
152 450 35
300 289 854
874 317 158
621 770 439
139 581 249
183 244 725
528 760 795
277 505 230
676 788 694
51 512 128
46 251 148
542 22 229
669 900 812
406 735 462
407 740 870
407 332 420
257 155 79
326 318 148
438 50 36
222 519 76
308 457 963
62 111 410
394 55 653
175 59 621
747 817 896
809 50 149
847 90 370
230 799 501
650 186 720
311 376 464
35 466 313
480 744 150
330 264 797
815 538 720
765 143 547
476 603 389
74 767 558
639 536 85
535 398 530
668 750 397
820 34 511
200 90 440
472 657 440
64 628 548
855 718 874
251 167 671
877 374 840
889 473 165
825 237 268
840 272 898
343 762 482
730 447 851
737 414 498
608 707 371
792 540 215
776 184 708
458 277 861
403 866 692
763 564 305
84 752 7
427 487 170
561 878 826
822 745 126
778 735 290
785 853 38
856 302 655
844 549 994
310 637 401
287 862 351
26 444 872
854 892 694
890 790 565
396 145 349
582 455 74
352 46 673
885 120 919
623 44 360
418 639 652
349 438 964
420 236 4
880 722 509
274 176 903
711 84 344
687 233 812
224 872 124
640 536 885
869 637 278
297 683 780
753 618 522
346 579 97
444 568 562
840 405 668
443 433 117
41 249 499
486 282 928
83 449 260
384 302 165
431 301 617
817 493 73
805 840 31
816 448 465
345 541 269
204 152 381
664 392 459
770 98 839
538 760 524
579 117 150
537 265 827
773 750 177
597 552 914
746 38 567
632 834 604
411 283 467
174 198 890
231 598 794
413 756 925
329 845 785
640 236 512
14 491 850
65 180 854
200 507 28
467 884 438
371 125 891
53 679 17
44 503 128
563 536 121
89 443 145
102 872 986
71 397 319
211 20 833
370 684 914
741 202 308
524 202 632
791 418 974
341 201 693
650 396 442
38 150 95
809 468 964
604 806 791
351 746 110
860 854 884
219 465 563
488 214 279
440 807 111
636 269 576
503 445 321
631 654 305
553 701 533
465 483 431
465 323 707
364 92 234
131 875 358
704 73 862
155 67 461
494 507 20
204 117 898
546 680 934
161 568 972
879 812 380
842 536 769
140 405 427
269 630 498
384 320 632
320 123 191
273 29 673
372 438 746
219 416 904
229 41 674
522 471 559
871 576 826
669 234 401
898 467 951
317 571 810
177 650 119
698 336 619
206 620 888
397 868 256
781 92 349
584 565 352
852 162 510
556 591 731
562 377 547
97 597 641
556 288 337
849 787 904
837 353 819
65 286 9
104 513 594
802 570 74
767 749 784
662 466 962
625 492 858
666 831 187
300 268 990
634 475 468
671 731 955
860 672 582
278 649 423
571 640 429
895 444 692
860 185 355
201 241 679
784 753 824
745 798 879
866 4 191
657 476 299
186 455 344
495 376 459
374 662 313
162 544 669
75 515 273
462 655 150
681 575 711
397 292 555
876 702 635
105 101 765
739 226 377
485 348 167
586 74 958
467 433 454
645 779 987
533 684 605
854 408 319
856 493 81
860 74 552
252 873 477
223 15 140
602 709 289
266 110 358
809 527 644
516 733 876
212 856 594
208 196 20
99 774 171
689 193 480
45 248 726
207 453 942
306 740 358
375 788 931
96 761 674
700 483 551
615 335 930
824 547 308
634 162 123
54 538 523
504 297 209
686 633 356
448 813 849
482 157 926
769 762 106
668 184 514
214 400 642
324 76 666
159 537 719
841 772 961
261 285 104
611 253 772
504 131 516
458 171 961
231 886 439
765 369 649
144 752 153
898 826 105
331 799 244
162 869 418
678 596 539
339 522 548
86 708 8
111 815 624
11 413 667
694 398 712
337 424 171
761 262 756
138 416 61
548 664 751
851 779 603
885 846 934
727 61 791
898 539 149
579 420 82
236 805 869
22 759 357
287 263 47
277 538 774
559 9 605
729 194 77
516 672 808
173 639 854
205 214 916
706 608 487
641 707 545
126 457 334
223 83 636
518 237 90
254 723 122
822 594 256
467 131 676
463 74 18
443 574 965
35 244 901
760 892 404
658 818 813
604 278 612
507 310 725
532 212 295
268 729 882
233 255 633
611 835 625
200 211 359
33 788 194
779 606 332
851 709 795
439 135 166
504 749 202
404 166 433
841 838 534
722 685 885
856 334 851
359 147 353
224 802 202
541 800 536
310 311 39
670 88 262
498 500 204
343 496 896
767 314 221
175 242 942
790 808 898
763 851 525
591 826 274
100 454 737
468 144 772
766 358 895
870 32 578
661 768 552
222 483 950
464 285 57
27 674 1
102 859 57
493 829 785
107 210 466
175 229 42
355 890 80
473 747 342
205 151 655
149 528 658
529 338 231
214 489 899
641 638 908
138 217 264
723 149 839
46 688 442
800 46 442
227 653 470
657 148 949
269 420 954
151 893 234
576 450 346
722 873 412
222 130 160
682 646 722
861 567 227
728 509 613
227 327 69
482 185 657
341 836 100
762 85 883
527 215 970
585 846 10
796 621 727
725 30 235
429 146 884
453 819 748
427 739 347
772 204 41
339 166 530
54 770 676
333 122 364
33 712 500
355 716 853
271 109 999
77 347 710
580 687 923
126 762 63
848 63 489
357 534 697
57 694 691
709 19 925
728 399 827
744 188 40
252 858 260
510 186 259
558 648 658
644 316 981
436 762 845
404 741 512
508 753 249
38 663 767
9 10 634
830 156 308
776 572 539
438 712 500
90 633 918
321 813 90
351 697 29
146 735 104
339 660 326
595 233 454
822 831 178
101 28 954
312 301 56
664 539 625
113 38 574
95 11 100
510 473 980
654 6 391
163 43 34
288 480 763
120 35 619
590 62 308
498 312 295
894 349 407
412 10 882
329 51 778
224 362 749
448 620 640
391 698 880
62 756 971
91 215 654
487 784 77
253 436 871
741 171 143
35 144 716
124 134 215
214 189 583
837 618 899
845 358 373
756 417 906
543 260 140
213 643 556
755 350 586
290 564 50
271 385 666
160 743 894
104 739 958
860 733 170
274 825 599
42 824 338
8 216 430
484 656 803
241 393 607
261 538 905
225 453 638
442 273 142
603 560 224
498 192 338
789 792 423
769 214 477
70 888 80
569 760 165
33 80 279
713 241 563
586 777 524
575 187 404
199 489 957
582 155 778
150 132 972
672 382 533
852 713 888
301 423 412
367 770 881
237 633 457
227 304 53
530 761 432
781 752 75
898 688 47
756 317 203
454 791 250
121 506 939
614 861 224
394 105 827
511 212 702
308 703 946
855 705 592
203 529 839
195 899 479
728 699 223
653 280 506
180 406 204
138 886 725
44 56 194
637 274 516
718 554 801
546 542 978
639 747 896
592 771 874
807 743 935
11 221 759
755 423 429
514 690 176
738 760 824
672 317 358
799 215 641
372 182 392
328 225 378
406 479 277
385 802 112
829 607 954
2 668 413
228 474 882
561 519 987
521 262 347
753 564 463
507 888 691
227 445 950
845 66 481
725 492 819
747 459 281
756 301 830
159 110 136
95 665 252
340 387 224
338 875 905
64 59 912
683 657 18
843 174 181
96 621 507
673 642 286
714 317 167
870 566 79
550 482 229
674 58 477
224 85 416
264 621 399
567 458 519
706 217 121
611 673 175
52 229 349
766 136 894
790 530 155
411 559 429
469 585 512
471 658 581
70 460 839
68 457 318
783 479 558
25 736 648
829 452 882
415 189 904
594 762 424
241 65 704
193 579 957
878 186 780
98 76 567
67 618 734
137 742 134
318 177 557
254 141 931
372 813 611
656 210 491
180 561 77
385 339 912
437 121 131
256 420 48
468 260 461
559 785 186
814 887 372
564 303 213
2 623 37
606 294 860
760 854 723
374 709 419
775 140 549
362 525 534
511 809 88
300 414 635
340 82 362
669 212 951
266 387 879
439 517 53
2 334 589
128 5 332
230 497 197
120 104 628
679 416 991
199 148 771
494 577 416
554 880 482
31 580 481
593 430 975
497 151 569
734 744 663
656 805 64
893 476 211
313 711 453
339 573 665
410 5 750
187 745 158
869 317 440
705 733 381
488 587 692
687 370 947
602 853 974
442 249 125
226 23 344
208 771 608
567 347 460
415 738 483
35 165 383
698 736 159
508 45 689
765 134 128
834 337 147
479 696 430
408 783 878
265 690 490
641 304 27
783 109 1
894 605 643
129 123 519
793 228 144
30 531 416
77 488 269
247 253 910
253 555 731
294 16 404
735 8 55
647 439 701
269 715 208
303 132 459
678 545 698
824 520 123
287 351 67
790 888 545
338 740 852
229 855 477
94 116 661
661 68 590
886 452 590
388 75 271
823 881 301
69 279 241
515 558 658
261 487 28
466 647 766
23 467 101
457 475 168
317 165 573
838 191 947
699 741 936
570 804 431
426 620 81
708 38 148
788 624 641
80 857 105
457 41 522
892 144 276
642 90 205
232 619 255
32 275 726
98 57 160
380 618 254
398 752 259
26 307 251
53 155 771
199 476 477
652 873 128
86 541 637
376 594 481
557 119 438
493 123 171
852 704 839
857 259 445
615 859 914
448 626 156
364 790 725
748 554 550
375 608 525
210 346 955
460 343 421
778 142 465
17 104 409
522 615 814
887 697 432
126 219 204
68 107 101
793 342 198
768 614 196
352 616 716
743 513 346
193 782 444
248 170 142
837 811 725
840 826 812
717 839 295
85 611 762
610 432 633
268 877 856
276 58 300
140 411 793
393 342 768
196 514 174
83 461 578
650 321 874
130 423 187
68 182 192
233 166 908
495 900 756
410 476 443
63 199 936
280 69 564
668 843 600
38 225 470
732 39 745
586 156 97
418 251 438
802 641 561
526 617 587
329 497 256
506 336 986
699 670 428
509 296 654
96 110 730
637 412 735
209 527 452
472 127 764
167 529 812
477 100 443
146 772 614
617 582 25
851 362 888
238 295 996
439 883 202
872 368 12
547 170 348
199 748 467
170 511 160
254 529 902
852 489 768
642 81 221
115 93 311
136 162 805
853 583 180
430 218 750
508 754 589
819 35 287
8 105 84
161 752 473
216 846 727
489 873 680
378 793 406
74 621 87
747 57 516
491 179 32
802 396 765
667 326 471
659 678 521
675 873 266
25 357 59
591 736 262
614 269 167
403 749 212
729 548 848
178 856 23
759 677 590
149 401 661
521 744 821
626 414 593
492 431 46
151 368 292
109 466 291
152 589 170
684 200 46
53 10 472
131 156 847
395 761 677
377 285 44
703 81 533
136 772 168
365 465 17
629 317 627
593 219 894
624 593 451
330 720 295
178 498 967
120 275 419
632 223 998
701 325 92
114 158 767
752 426 301
766 196 646
572 566 755
895 745 186
783 742 971
571 867 427
329 578 522
101 360 697
262 58 97
765 527 499
53 146 331
228 855 464
50 817 750
496 193 935
661 455 943
426 564 573
338 717 797
703 768 242
447 125 531
673 809 568
301 336 521
19 882 812
191 396 71
564 504 749
419 304 91
2 277 52
610 557 337
764 303 863
638 868 609
280 481 453
402 406 151
13 517 341
729 579 366
52 650 325
522 400 26
536 797 330
734 431 85
113 317 498
815 846 332
451 126 964
199 77 95
276 545 387
858 128 144
789 752 55
680 555 434
842 680 422
639 632 581
312 541 82
298 817 554
687 278 46
797 528 38
433 180 844
867 388 3
627 88 489
340 756 560
661 386 425
63 609 328
291 655 111
295 668 183
356 4 641
167 140 437
544 1 852
627 605 557
165 472 950
453 523 637
574 53 498
811 668 797
587 422 334
103 737 325
800 403 562
75 440 749
35 203 523
447 26 857
213 171 453
91 249 938
766 89 374
749 268 701
24 802 935
383 640 596
101 776 380
379 882 544
632 298 335
180 473 407
523 314 719
234 451 656
755 759 91
258 111 165
648 658 839
749 780 679
719 254 224
315 779 9
558 674 196
708 86 372
679 144 574
886 619 947
323 58 492
881 212 499
706 218 871
635 737 690
205 780 3
82 332 316
850 434 993
673 167 203
50 330 779
395 42 925
487 302 980
462 213 354
46 123 442
680 273 455
598 251 202
424 369 360
583 834 826
375 533 620
704 336 549
422 550 149
845 448 91
71 525 243
254 561 17
177 889 171
748 286 281
39 426 373
637 702 950
555 96 421
235 299 794
232 719 476
741 395 901
344 295 668
380 317 783
138 291 102
545 756 353
169 28 895
362 77 359
532 662 3
17 134 460
32 744 461
668 340 318
448 100 587
164 177 267
165 181 207
227 563 196
145 548 381
353 109 131
294 332 72
779 554 757
770 577 642
668 214 442
627 422 988
767 239 648
761 621 69
287 361 240
540 892 871
859 536 532
761 804 189
302 207 59
519 530 175
146 393 78
279 471 932
846 480 373
32 93 86
82 236 534
33 888 254
803 397 696
179 531 491
765 77 201
658 801 16
854 404 961
183 119 88
142 509 693
701 611 914
226 13 636
159 132 476
683 660 975
694 369 832
595 375 964
634 613 541
326 524 49
695 500 337
891 544 671
520 491 596
666 387 289
493 100 396
785 71 52
575 729 310
147 1 459
632 281 19
504 722 786
480 223 879
416 866 825
811 888 359
802 507 375
381 109 315
587 468 915
483 467 293
696 162 51
314 849 409
152 439 47
602 828 13
386 302 24
389 431 958
337 95 559
842 213 88
824 645 341
43 734 331
467 886 895
697 821 496
239 872 112
556 838 874
86 450 890
461 751 272
533 431 778
734 589 471
524 854 521
156 333 311
862 5 115
555 290 467
269 93 395
201 38 812
251 652 651
215 470 538
235 336 842
818 669 722
651 704 550
475 243 275
72 307 243
129 344 378
442 267 51
341 600 616
732 563 734
677 658 627
198 734 464
97 355 582
101 119 281
319 63 121
198 294 357
81 676 996
245 203 186
302 4 781
635 589 892
542 640 312
723 606 958
862 774 821
887 215 728
756 424 300
796 233 249
411 315 694
779 52 82
404 208 351
411 751 467
671 635 457
558 505 417
679 359 779
46 816 216
360 591 923
738 388 80
899 534 492
726 167 877
42 318 367
874 166 704
380 529 378
472 192 655
388 790 671
195 516 206
337 826 534
94 398 643
413 601 238
856 560 952
836 844 411
263 12 579
83 510 543
464 640 472
856 741 816
567 709 234
650 642 196
93 176 617
616 198 955
12 295 479
473 247 569
390 485 205
79 771 135
287 809 677
839 154 234
624 9 293
300 794 190
72 457 555
542 794 934
275 163 70
667 469 684
687 76 550
568 231 282
165 887 390
329 63 394
863 491 645
660 870 476
603 171 523
250 828 681
139 706 381
892 688 58
102 399 942
34 574 935
800 856 866
856 511 254
607 216 187
334 299 397
789 838 188
179 352 243
841 78 161
462 647 798
71 29 952
502 118 69
32 862 1
124 829 924
473 733 162
44 602 109
696 895 538
165 440 885
271 536 814
873 861 17
10 456 671
690 287 47
455 268 253
671 323 946
643 460 802
864 793 860
557 354 244
250 99 315
658 666 21
845 463 285
79 701 87
607 361 903
5 627 706
273 301 307
75 381 734
888 851 75
391 894 18
676 7 581
215 385 990
14 15 612
694 629 40
245 521 736
127 204 835
219 764 157
884 99 241
576 284 438
98 836 698
223 224 301
308 855 968
117 226 181
797 149 561
271 564 847
11 342 278
275 611 69
338 235 692
104 724 404
50 656 616
103 72 190
368 891 98
669 403 624
728 888 725
324 894 112
175 412 749
158 301 673
487 63 695
873 646 244
753 209 327
855 655 708
170 819 279
265 139 893
423 24 115
319 579 851
803 836 598
740 202 155
872 667 141
364 355 914
589 826 571
582 535 865
89 681 493
249 550 854
384 4 875
794 56 513
333 409 899
586 270 359
705 182 411
882 231 6
230 6 170
435 760 487
678 187 406
160 303 166
78 262 166
460 742 5
583 532 698
514 208 813
301 690 107
697 72 966
69 397 616
56 678 429
539 580 646
219 156 725
381 638 630
716 70 388
66 171 623
333 365 776
448 425 263
315 551 440
872 218 469
86 802 404
686 781 503
103 789 960
475 441 113
602 711 620
410 550 823
817 578 455
142 12 411
116 758 124
336 300 119
160 189 250
376 162 708
262 337 256
666 799 672
555 135 987
430 630 458
856 397 619
477 671 99
500 372 871
210 519 736
60 392 362
365 766 640
635 150 745
63 440 649
395 218 606
88 48 700
580 101 666
35 392 62
285 333 507
509 430 17
580 239 908
32 702 856
599 864 133
730 146 306
78 445 201
610 22 715
886 795 375
282 44 760
647 225 708
811 857 438
209 629 771
289 317 393
170 127 276
722 496 423
419 701 330
672 431 996
841 899 223
572 519 902
679 156 191
364 685 811
598 171 658
232 747 819
442 708 886
403 702 251
87 790 764
202 401 101
250 750 570
509 264 284
342 593 542
441 256 906
82 651 537
61 308 383
111 210 260
176 515 410
824 741 472
186 713 733
859 777 565
344 560 686
422 580 517
9 347 714
811 91 827
496 14 49
19 115 682
270 383 523
524 545 370
504 392 482
682 558 132
61 774 354
635 638 624
367 513 286
387 92 782
807 710 942
519 129 567
493 88 272
597 807 978
176 704 638
146 512 810
615 701 995
317 724 859
111 771 643
589 736 892
380 349 160
443 291 544
35 855 837
108 257 576
369 363 316
241 438 390
116 78 399
817 20 698
390 274 83
30 109 178
43 137 56
166 889 113
450 650 108
482 197 712
808 678 652
75 304 502
840 306 2
398 637 420
602 677 410
286 552 876
275 499 582
630 489 126
723 586 517
899 347 728
221 332 521
483 6 995
200 523 377
134 522 478
885 240 94
50 234 741
149 318 789
133 15 716
8 317 272
761 285 942
74 45 364
365 785 746
760 183 552
637 370 56
621 233 71
795 12 397
526 632 857
817 460 193
795 156 341
599 379 851
195 390 532
42 469 690
93 291 556
260 817 616
43 35 981
623 355 51
722 79 114
427 399 866
180 241 314
328 876 382
16 232 883
251 847 54
179 508 200
619 335 632
782 226 248
172 440 623
222 276 756
891 9 13
181 674 257
179 524 144
179 254 557
576 674 195
701 283 466
550 5 838
283 145 657
867 135 897
250 549 585
647 57 563
270 461 180
594 531 66
568 287 296
737 543 726
480 65 328
681 489 869
43 793 428
7 589 645
720 780 636
472 93 318
253 698 68
2 804 846
23 196 285
275 59 419
69 800 552
108 107 772
98 789 607
759 816 864
129 276 717
92 154 525
535 294 279
115 87 993
820 529 297
360 478 175
878 527 640
531 773 591
215 125 556
632 241 106
318 112 784
336 353 464
730 414 95
887 702 329
251 351 679
354 170 387
844 575 254
453 556 208
347 820 669
552 200 924
457 853 604
219 108 547
99 885 591
306 584 229
571 678 494
897 657 285
660 702 491
202 254 713
720 378 658
350 699 546
373 405 721
260 17 6
263 458 367
276 615 293
497 83 779
642 551 569
761 534 815
425 329 465
28 15 148
693 426 424
612 388 678
766 162 655
204 308 984
22 666 822
482 272 987
554 387 525
556 530 458
292 888 200
619 444 949
24 340 727
399 361 555
704 312 582
569 625 351
272 841 12
457 455 346
621 219 546
674 727 87
694 744 231
442 630 402
251 761 685
105 459 205
66 420 110
718 303 178
423 417 238
609 352 838
259 413 657
584 564 366
550 92 958
604 520 880
879 363 526
236 595 307
63 192 356
120 788 742
49 1 314
65 157 522
799 330 954
233 539 181
555 848 65
625 368 573
853 649 473
4 168 80
174 659 50
44 708 681
456 129 612
892 420 683
29 791 1000
169 438 233
67 591 441
754 71 536
77 155 764
572 110 164
703 683 129
362 821 657
673 27 448
731 442 729
129 170 698
831 416 732
698 14 241
311 301 490
636 644 775
263 705 917
674 661 287
261 289 454
592 33 343
231 819 176
359 724 572
269 431 228
766 442 783
472 883 749
478 106 257
292 505 724
623 899 622
30 857 531
561 762 144
423 620 430
50 524 533
319 279 34
283 150 150
408 304 802
358 136 373
813 264 150
148 205 453
331 456 28
451 488 428
580 484 338
784 271 945
419 90 873
159 887 827
312 349 241
467 107 841
748 60 168
341 829 508
279 425 991
577 659 142
753 531 486
423 677 433
558 238 790
838 843 265
50 211 11
3 320 357
18 476 222
542 413 883
424 467 139
193 428 102
729 695 463
534 804 615
66 79 340
360 20 893
636 86 908
298 393 776
585 851 781
845 453 496
614 657 394
835 788 760
350 552 257
811 784 583
894 244 792
62 52 572
846 50 95
891 202 549
92 775 934
13 705 149
668 881 202
464 10 668
637 734 276
451 880 690
855 176 469
862 720 839
316 48 559
820 233 719
661 285 67
845 649 165
258 303 227
68 714 908
345 512 463
91 749 369
801 501 66
321 4 163
121 252 764
600 298 229
795 394 289
837 580 841
384 895 804
420 211 209
758 2 237
850 545 958
893 637 485
193 558 751
203 152 802
878 173 55
392 144 920
477 786 578
557 223 229
204 538 282
414 373 240
488 322 53
688 839 645
662 822 521
185 592 229
334 717 267
748 236 43
345 79 749
663 587 284
560 28 125
838 569 983
387 284 32
689 207 274
648 541 407
226 886 257
796 765 925
852 254 747
74 874 882
412 403 443
391 730 480
107 339 145
697 311 696
161 707 272
328 791 53
122 509 645
869 349 461
365 268 544
631 787 84
72 669 716
360 557 79
197 319 769
671 283 198
865 131 478
521 618 712
14 706 571
75 684 440
503 685 668
701 233 858
275 36 362
25 408 710
259 49 364
124 722 540
516 104 445
97 871 438
480 246 489
164 8 848
13 275 521
327 673 133
651 686 981
799 579 554
92 79 48
328 727 995
781 85 273
811 526 337
872 562 948
795 873 382
598 392 73
82 332 547
688 678 308
148 157 150
293 251 974
400 608 733
323 200 473
743 196 549
826 389 233
461 104 742
377 726 183
900 287 624
43 3 913
866 445 781
782 627 166
425 529 876
858 76 786
396 621 802
281 396 640
757 215 473
642 746 524
12 499 378
63 148 30
458 286 946
114 208 833
586 861 203
696 609 986
703 781 457
604 145 532
244 869 534
637 533 756
597 769 929
665 48 28
828 229 322
612 583 435
501 510 222
838 210 755
858 846 876
377 352 635
593 321 487
520 597 359
162 207 904
22 289 967
472 478 468
121 500 310
54 500 970
235 843 372
887 87 511
218 630 562
578 705 634
359 491 343
115 568 717
779 699 205
599 1 323
604 32 500
876 826 947
466 353 275
118 273 193
885 605 14
833 846 408
698 790 398
122 118 535
485 441 888
327 242 584
652 245 92
776 62 432
716 759 243
582 296 838
526 343 138
407 772 868
576 816 806
700 119 396
708 707 210
387 457 626
781 574 617
520 685 419
251 182 528
873 529 587
657 106 938
168 585 478
78 416 35
467 835 408
454 417 637
828 11 522
724 514 102
689 728 440
618 892 740
578 482 810
632 22 980
853 535 161
60 147 760
562 342 5
822 602 241
835 566 997
414 736 992
150 329 778
589 864 629
289 715 891
723 663 956
511 849 668
28 34 840
325 809 622
829 244 507
238 178 928
620 360 725
311 531 832
591 279 69
191 774 25
154 72 531
539 520 565
457 755 947
749 752 559
184 420 647
378 624 174
399 193 234
23 775 928
576 235 360
136 329 357
869 847 394
583 180 934
651 639 698
654 788 440
28 583 440
100 829 872
401 527 125
784 572 688
898 751 321
866 202 987
416 732 220
563 111 971
818 75 685
559 665 380
359 550 367
377 378 884
725 719 729
434 753 177
57 597 462
205 282 19
184 142 995
453 871 83
225 598 758
82 523 597
22 446 540
581 166 420
321 152 601
297 830 982
375 438 906
22 687 995
712 699 220
643 807 81
796 774 210
550 239 118
33 881 168
527 466 398
111 380 722
695 517 503
125 859 212
200 42 455
351 262 49
715 685 34
525 655 647
122 288 19
774 712 737
163 317 866
887 700 839
706 339 626
673 614 461
285 91 174
885 568 445
502 96 91
704 829 802
649 527 588
305 894 302
110 215 833
451 136 947
8 145 761
651 448 552
379 261 551
11 508 853
653 563 445
118 103 229
60 443 673
83 288 230
341 504 515
354 868 253
301 105 919
465 249 166
577 294 569
30 622 279
758 415 663
92 360 498
112 369 611
815 273 709
804 290 625
565 38 837
201 831 665
620 567 710
596 191 973
449 282 108
51 113 46
636 141 943
182 91 100
143 125 821
323 307 774
135 430 209
709 20 829
635 497 833
47 280 401
238 116 124
733 71 763
649 200 531
461 104 733
456 61 718
898 762 291
570 822 904
793 120 822
845 381 879
388 583 380
98 338 297
308 840 892
296 28 458
208 58 217
845 497 866
567 458 237
372 867 580
389 606 145
189 649 853
239 56 483
27 379 522
261 568 231
565 661 838
465 791 581
55 524 386
835 734 756
728 43 795
821 846 222
570 663 509
704 893 15
452 618 622
447 354 445
691 123 379
57 287 273
233 95 507
450 499 770
753 224 758
234 437 952
285 621 620
524 191 358
322 660 866
250 723 871
675 560 678
291 837 925
106 101 633
514 518 421
5 340 690
396 282 850
219 865 18
838 388 947
407 860 884
145 9 913
55 11 562
407 490 250
586 339 846
247 645 319
401 739 849
282 426 319
223 23 266
309 507 386
612 748 73
508 220 990
324 561 155
597 377 144
402 332 305
575 430 493
276 58 211
636 556 112
591 831 831
516 526 941
16 626 801
225 632 735
84 185 594
308 651 946
840 832 855
113 50 885
73 580 66
115 283 308
825 483 326
488 341 916
7 641 23
327 611 476
145 789 183
424 462 904
85 146 588
401 805 329
480 24 525
776 489 130
717 748 529
830 644 478
5 527 862
315 149 978
560 632 858
68 478 751
539 514 538
609 777 902
99 830 176
18 730 982
224 871 493
184 545 603
81 10 253
95 185 687
789 73 351
350 78 615
449 402 729
118 581 296
477 76 115
472 666 614
647 200 66
461 313 875
79 711 349
718 180 934
160 521 758
674 167 242
33 45 81
855 517 805
221 679 670
363 303 299
95 550 808
198 732 850
741 17 800
839 512 982
709 283 426
651 663 811
300 24 638
661 541 105
869 502 679
375 218 200
802 230 690
462 123 123
17 859 485
428 29 168
727 92 239
493 39 513
732 9 65
739 83 637
473 837 783
765 708 954
29 581 860
191 405 932
801 121 839
427 517 726
381 129 836
368 846 546
4 375 775
865 604 426
541 143 844
738 287 945
842 598 80
413 658 860
825 489 317
391 171 542
429 678 95
735 14 4
463 143 444
890 740 621
313 452 613
5 263 449
884 21 368
236 109 141
64 698 421
681 598 654
660 854 726
763 372 162
285 362 402
367 404 788
816 24 182
729 267 592
343 277 121
75 770 514
565 586 47
741 694 827
568 748 822
491 82 663
653 769 877
623 644 7
390 641 712
411 102 68
679 224 196
809 142 915
797 56 535
638 316 518
646 278 329
785 686 371
511 303 469
302 660 99
498 875 697
876 865 267
764 845 133
464 631 882
453 544 887
289 492 480
613 380 137
540 555 363
213 519 346
194 272 819
413 175 698
781 398 752
202 171 516
836 138 320
548 562 180
216 39 118
246 660 83
194 784 408
651 423 169
486 276 538
853 799 514
263 326 217
824 378 643
634 399 729
387 821 540
671 806 981
105 810 764
247 125 102
292 277 293
373 411 333
776 285 408
368 479 781
406 789 153
323 81 737
440 316 334
174 353 751
478 300 582
177 40 628
211 579 978
151 558 31
527 848 704
236 686 872
253 628 4
646 358 920
395 414 654
752 367 914
485 215 552
716 446 18
182 736 884
289 360 672
589 537 2
161 32 550
85 197 314
233 572 835
206 236 504
92 784 30
181 875 577
710 884 171
413 57 570
95 506 826
588 123 836
93 579 140
539 632 878
897 399 886
30 59 658
711 46 365
536 555 39
142 234 281
509 365 822
90 721 938
380 368 712
530 697 608
625 376 63
544 310 292
115 578 466
596 172 700
60 461 854
38 244 832
101 510 477
767 81 365
20 794 568
368 857 764
881 450 50
215 221 681
362 386 137
162 640 317
355 429 535
555 336 736
678 604 403
465 886 990
41 656 162
171 471 227
650 833 633
830 745 999
129 51 188
426 373 599
44 718 32
313 784 196
466 51 478
415 650 689
594 535 787
66 368 641
2 642 682
839 381 336
796 432 125
814 270 479
468 663 752
813 587 522
845 643 363
293 858 754
576 410 665
765 815 919
197 203 192
217 142 830
766 14 103
36 276 780
283 7 597
133 427 43
512 556 375
612 749 393
52 74 165
116 200 665
727 140 388
428 48 89
238 632 944
490 323 995
693 372 669
180 365 764
808 4 56
53 759 205
219 294 9
132 278 564
313 867 119
59 107 778
330 871 582
473 737 133
648 533 51
876 145 706
496 289 818
423 410 391
658 143 407
633 740 504
841 85 745
129 217 185
196 140 520
686 641 143
209 684 210
198 535 23
17 643 165
2 269 194
306 747 113
868 683 184
29 468 245
294 728 231
46 832 433
196 658 514
675 377 820
441 276 245
374 566 845
160 660 736
29 872 474
796 481 582
384 820 375
218 410 518
131 355 634
324 586 356
442 574 231
892 516 633
362 326 844
203 406 401
594 563 101
775 650 97
599 285 746
162 565 6
698 897 615
478 677 299
189 826 868
693 762 667
466 355 930
88 130 80
447 136 839
365 631 571
793 1 722
254 24 936
710 783 653
103 563 83
298 239 781
428 311 624
868 705 463
53 848 196
630 384 169
887 425 934
229 26 752
397 222 170
507 399 324
208 527 651
582 12 417
671 501 610
432 288 142
143 117 721
845 155 535
418 445 351
419 702 316
846 329 227
10 517 805
135 868 438
673 777 306
754 785 972
265 17 42
49 676 636
601 113 513
829 313 651
671 609 38
524 590 189
813 137 814
113 25 1
494 545 973
609 829 923
488 15 130
659 469 538
545 151 820
87 84 165
224 119 348
509 853 480
322 18 715
218 774 632
395 641 201
894 678 806
816 717 696
746 36 928
518 396 413
292 889 474
180 648 879
274 92 260
686 379 938
527 851 599
247 852 678
688 311 153
62 315 994
662 653 135
511 255 550
757 779 543
766 863 941
616 420 102
15 419 351
247 398 851
452 764 719
536 832 932
253 315 1000
423 807 875
875 268 940
561 205 648
456 821 119
119 556 702
831 387 559
418 390 438
558 753 306
113 208 164
883 365 184
2 535 158
67 281 908
606 58 471
801 682 903
159 523 81
402 634 779
433 466 865
670 96 255
67 139 835
88 430 938
891 409 999
342 151 291
326 393 946
123 690 774
641 567 166
477 374 417
52 725 174
468 307 662
563 597 463
701 417 625
82 6 36
282 622 474
788 817 790
93 180 394
477 674 481
314 748 792
797 778 187
358 541 291
216 512 364
364 333 992
707 306 86
295 330 605
542 479 813
66 678 790
312 116 891
653 450 152
621 668 656
638 411 616
691 343 475
154 432 240
625 612 2
156 742 666
837 679 5
123 263 974
737 660 426
239 169 150
350 199 612
132 112 847
447 561 416
804 184 956
2 775 77
10 364 965
766 712 257
105 873 9
709 766 156
538 385 193
24 189 706
210 468 69
51 95 222
394 841 292
98 722 970
160 197 548
46 485 441
346 519 786
881 492 351
257 724 222
338 750 234
803 763 296
421 346 532
874 776 466
491 448 510
561 416 583
323 465 148
162 720 223
206 180 613
719 769 765
348 478 804
288 262 142
627 580 364
574 179 845
474 391 736
399 475 435
524 785 454
55 681 546
676 816 700
717 564 901
877 150 124
134 353 867
646 156 994
165 237 163
821 772 339
455 316 534
641 508 46
419 302 66
242 755 774
616 49 993
812 594 111
445 660 458
883 152 127
183 784 415
142 810 950
88 554 31
693 297 585
280 353 439
487 608 89
701 452 51
20 50 173
654 452 590
635 694 7
546 662 208
663 681 167
685 646 386
857 234 19
603 700 934
713 483 989
326 72 955
578 196 1000
126 335 883
864 885 456
890 709 155
180 50 537
120 206 590
83 363 167
532 437 757
900 878 466
742 574 906
579 600 6
660 724 435
741 494 633
519 478 218
190 293 464
212 245 685
569 708 466
604 724 661
83 406 687
710 695 683
823 58 643
502 363 204
551 407 554
196 343 856
119 886 581
334 613 592
427 181 102
220 471 129
596 321 493
140 785 283
433 132 519
351 209 275
612 288 724
771 840 262
123 209 941
679 858 72
67 422 893
427 521 169
28 686 215
600 126 917
282 742 900
395 155 179
200 750 384
579 113 396
347 598 511
466 696 74
835 609 434
757 43 169
771 459 32
330 288 971
744 314 316
266 296 167
569 8 917
153 840 351
595 723 88
596 837 224
3 10 557
183 276 381
296 635 249
504 820 843
358 89 397
559 26 42
141 670 949
143 528 165
132 547 489
639 248 90
545 650 603
628 37 137
539 545 144
9 511 984
185 608 931
69 349 459
670 727 212
321 508 789
690 594 81
574 34 642
470 809 102
78 581 605
608 335 401
650 580 795
237 183 257
784 625 656
741 639 449
533 45 823
584 264 642
60 436 955
825 603 166
753 138 65
380 582 306
170 107 796
845 161 371
790 630 958
58 234 479
66 25 436
765 258 43
564 201 388
702 189 305
151 142 602
230 373 725
508 628 37
669 562 18
732 624 253
158 468 650
556 140 882
673 651 637
243 401 699
222 69 90
702 387 74
662 399 21
513 760 538
518 384 881
226 85 382
846 140 826
376 596 149
755 85 202
71 561 672
805 55 125
750 356 245
353 715 606
2 806 797
595 367 805
383 438 893
669 44 57
98 381 320
442 11 741
616 896 448
540 229 245
491 748 224
887 770 567
629 185 621
524 856 631
748 557 444
314 750 676
250 616 937
22 374 329
280 700 341
436 276 618
460 521 478
9 449 905
662 734 860
274 533 481
80 436 539
702 634 416
102 321 516
389 475 583
110 99 922
164 369 661
764 317 107
898 85 628
891 54 2
328 442 768
397 649 991
765 217 122
534 298 578
685 365 453
256 503 821
111 756 147
553 380 223
433 376 852
86 526 654
383 614 278
641 414 125
636 146 310
162 342 50
873 584 771
732 443 561
307 32 388
651 356 560
624 835 332
512 596 287
377 94 53
845 306 290
160 806 717
887 237 748
367 752 315
56 883 372
446 623 905
759 708 762
751 57 775
709 405 594
780 758 413
687 149 982
674 110 472
215 881 490
730 423 680
695 285 272
558 802 562
571 690 62
582 177 177
253 744 903
314 339 268
507 119 352
92 279 99
395 782 995
112 454 385
249 68 610
283 131 466
410 421 715
839 160 363
601 236 171
615 396 666
578 889 727
346 67 523
725 519 121
279 730 963
739 598 903
65 257 305
491 595 562
51 856 822
321 299 922
506 667 858
486 561 30
862 396 717
473 570 79
640 38 467
380 23 857
652 655 319
545 561 806
302 856 889
139 824 151
644 588 353
746 825 566
260 139 141
369 271 935
506 684 578
661 76 136
110 792 926
401 669 838
357 151 430
426 489 769
119 58 493
156 671 892
639 778 226
812 337 470
801 681 473
414 720 910
879 404 464
670 470 55
416 161 469
497 122 706
198 538 773
477 177 314
673 715 97
374 276 135
455 101 604
861 93 373
270 65 496
421 577 373
764 672 215
388 765 849
200 601 322
211 781 504
451 364 186
10 228 652
626 678 366
864 554 817
708 897 693
740 101 395
835 886 587
737 729 53
802 109 528
6 442 246
815 249 743
702 474 276
241 276 420
835 138 411
142 701 913
340 617 246
663 256 459
315 740 189
813 272 244
778 278 334
850 771 951
691 784 276
129 31 392
671 681 681
770 885 646
128 670 287
797 393 573
899 109 148
864 748 933
861 813 600
761 164 297
194 786 754
279 707 563
651 790 475
99 189 725
586 758 228
632 638 217
524 694 35
593 163 598
342 389 897
389 330 65
787 431 567
386 286 223
563 657 419
280 781 79
747 587 750
876 84 489
20 704 511
79 325 144
33 65 674
151 540 90
84 370 626
52 647 417
210 702 101
317 187 350
540 63 23
561 466 146
706 680 564
589 714 351
666 338 328
252 656 635
271 328 770
102 298 270
559 171 272
424 248 499
719 527 535
601 651 48
813 650 965
354 712 333
140 453 995
300 897 782
297 130 103
578 682 805
216 309 411
337 438 844
546 180 995
114 432 97
814 771 154
749 339 26
256 627 677
252 280 638
443 608 503
311 686 300
680 795 210
108 771 792
733 423 620
748 288 247
786 557 232
239 338 832
839 176 577
759 520 331
260 392 426
172 56 702
427 382 223
675 893 603
161 567 732
184 233 633
752 738 515
283 584 497
311 712 694
731 614 672
497 822 468
502 565 113
647 122 973
887 92 626
575 429 176
579 769 849
231 873 390
349 262 363
646 531 210
482 634 424
181 419 266
14 431 898
454 891 316
613 329 718
893 636 472
525 218 988
667 62 345
783 679 92
190 480 293
596 97 217
200 201 705
599 574 70
318 684 967
416 798 411
239 823 884
14 788 738
517 704 239
640 615 15
125 874 395
173 195 701
61 564 167
231 195 606
463 382 977
335 612 185
772 487 385
678 489 423
619 127 486
465 209 225
80 445 859
813 67 288
374 16 534
163 168 495
492 748 618
734 742 896
806 603 408
570 134 208
13 30 89
413 496 970
119 32 736
453 310 127
508 178 889
830 166 712
22 861 836
391 113 3
328 707 623
32 629 971
401 307 450
607 240 837
815 818 454
889 477 575
769 230 181
441 605 674
584 663 66
211 271 918
611 111 495
85 50 733
699 601 865
441 504 438
359 323 974
689 872 979
289 206 254
312 359 905
816 483 957
269 296 405
789 161 287
332 476 416
524 188 393
251 453 368
543 138 304
151 559 392
733 198 326
719 742 712
452 164 46
876 249 939
754 67 321
506 700 596
861 713 764
760 615 618
363 879 118
806 779 797
11 149 848
399 179 610
455 393 431
663 271 584
181 824 519
341 640 184
430 668 743
482 107 245
446 114 192
207 205 817
839 53 295
329 167 512
507 589 297
568 589 13
385 849 33
459 496 892
204 139 413
616 607 620
136 588 156
880 285 529
858 473 527
665 199 811
42 32 787
491 453 288
588 735 990
447 437 817
376 512 154
392 164 495
416 223 951
744 720 57
303 641 23
290 232 743
790 54 540
649 472 63
173 50 480
536 118 804
399 547 462
463 234 234
689 611 69
32 118 833
198 829 351
168 5 731
442 863 289
852 604 839
354 430 417
