876 2409
233 205
750 287
370 672
4 36
192 780
840 242
252 411
509 334
756 430
773 776
375 528
230 488
290 555
510 72
132 653
197 311
807 276
210 706
501 406
547 811
785 212
183 789
307 462
346 532
256 230
74 442
384 393
617 461
418 277
367 234
167 505
10 430
857 239
129 58
94 717
61 370
194 562
12 812
94 145
593 419
667 491
483 199
88 533
305 49
572 476
607 552
154 381
541 639
421 47
871 562
656 545
324 695
180 220
37 128
477 388
375 371
493 185
493 772
832 434
253 109
376 419
451 563
802 505
290 24
403 469
483 569
543 562
642 107
419 629
60 578
336 469
343 792
487 802
552 388
12 851
492 607
664 418
95 642
422 374
189 601
371 618
483 721
230 261
711 564
712 366
768 859
493 504
850 366
153 281
428 357
692 860
125 536
682 640
593 302
850 257
170 578
372 570
320 123
492 711
678 298
402 164
61 865
649 560
830 32
164 638
471 850
39 99
522 580
851 262
669 787
452 593
267 201
508 694
108 467
346 322
630 328
758 870
284 524
345 522
383 168
519 488
561 363
871 601
490 302
150 629
60 455
521 83
119 818
692 633
380 139
95 752
427 314
836 217
197 472
166 103
642 782
699 195
572 691
693 405
151 222
542 698
319 178
505 645
30 841
586 166
1 356
718 806
537 141
738 493
43 180
109 121
485 279
198 421
784 666
274 534
701 466
801 540
61 318
798 482
448 813
283 851
434 263
537 513
535 26
688 269
448 860
291 182
195 9
577 218
692 508
858 427
731 335
458 99
591 463
320 64
545 214
411 315
433 668
822 332
272 424
55 87
332 61
647 318
600 55
617 78
487 125
579 45
129 243
81 535
563 148
265 633
806 504
179 594
553 539
627 797
258 351
652 857
496 197
619 861
212 93
408 712
567 128
651 365
448 374
783 194
520 394
3 702
261 590
116 650
624 846
859 290
21 633
388 583
461 55
83 659
487 344
439 302
404 425
31 63
680 291
440 509
167 122
732 514
399 424
454 376
476 667
342 30
707 494
181 142
655 667
75 706
3 353
259 52
511 381
583 720
769 413
610 622
420 193
168 463
721 335
444 223
338 438
230 61
213 91
748 109
531 497
735 186
132 23
152 312
284 269
488 827
731 92
325 93
118 661
755 799
49 395
513 207
71 179
717 359
632 193
407 422
11 851
624 400
674 41
425 131
387 596
867 383
247 212
249 685
416 261
73 383
53 838
512 762
580 209
511 367
349 523
207 38
621 819
838 315
72 432
435 244
533 13
185 298
832 352
229 529
507 234
404 732
612 665
149 389
112 570
79 702
16 428
557 687
739 534
23 598
781 123
359 644
400 623
700 13
800 737
809 298
359 846
32 768
716 507
281 448
644 434
3 340
481 399
172 325
252 365
127 158
18 618
496 785
596 698
320 768
357 848
124 573
412 586
531 81
54 623
311 372
265 677
863 125
541 852
105 41
481 577
343 99
519 28
667 447
502 318
455 65
333 549
328 299
321 498
233 798
126 67
733 238
533 497
692 568
238 525
22 115
505 162
105 613
843 198
185 317
612 551
280 178
372 99
815 116
230 65
287 26
323 747
590 737
816 366
871 663
815 636
244 468
89 82
131 339
538 173
121 752
108 699
715 639
365 36
58 131
754 356
846 579
249 174
763 870
469 433
497 751
114 375
421 841
225 771
500 281
691 774
503 662
472 592
130 599
359 797
160 829
530 212
397 512
714 66
768 152
590 383
352 602
849 380
219 403
547 446
68 621
143 520
554 865
556 714
334 386
155 828
542 184
318 237
263 788
274 568
776 863
561 479
11 567
126 778
486 791
472 140
625 122
550 332
354 176
842 134
629 52
172 222
364 707
190 398
321 144
456 638
277 624
856 853
631 271
158 642
842 273
317 53
598 174
68 716
417 742
571 453
538 134
448 658
419 314
575 682
647 841
542 795
485 549
123 28
631 276
390 183
247 239
655 4
553 582
182 192
44 660
193 410
394 838
586 467
592 379
848 789
261 59
217 583
167 129
830 788
117 156
688 829
46 589
838 259
677 628
98 462
426 323
134 16
157 209
602 21
379 353
487 192
35 451
37 177
735 814
247 302
57 521
17 453
560 331
780 827
622 818
310 357
484 414
421 505
496 635
777 523
135 778
352 174
164 67
819 737
328 530
592 400
168 684
210 527
464 734
410 438
68 795
640 140
309 31
370 95
540 263
338 363
502 608
546 87
751 119
329 116
114 88
424 267
565 356
319 300
583 606
548 342
804 483
53 139
571 488
111 531
292 660
77 234
338 141
14 210
485 420
333 837
695 786
534 62
276 652
799 293
725 475
121 18
175 309
417 324
109 117
865 744
682 494
719 296
415 202
815 206
851 872
218 213
806 498
134 447
283 454
196 713
289 431
371 244
668 358
870 677
177 809
720 120
465 117
719 208
773 466
385 561
196 478
649 554
669 257
9 816
139 404
766 62
252 109
5 211
223 316
498 288
189 39
351 871
139 485
40 809
866 822
725 848
869 347
799 286
30 743
842 319
664 349
594 844
335 483
712 799
97 170
426 182
301 352
780 661
322 336
106 389
141 642
606 416
788 323
332 583
120 868
322 451
819 771
241 78
555 715
341 608
142 281
187 688
264 733
580 502
391 17
673 426
468 207
676 276
269 629
327 738
512 673
95 582
242 54
9 367
466 869
305 289
515 63
645 213
171 312
179 562
493 461
554 746
351 398
470 658
859 427
385 862
600 467
351 421
52 792
35 854
751 35
19 708
216 620
697 841
720 647
115 127
579 598
528 425
603 722
204 415
18 826
383 315
717 764
688 116
485 100
416 92
841 602
807 373
637 842
356 827
605 492
732 276
329 638
755 173
171 811
624 170
133 56
26 98
747 52
56 534
630 757
732 714
493 336
537 263
602 461
680 281
681 429
187 308
260 552
729 876
87 329
101 145
791 762
521 319
377 750
367 657
563 331
827 718
610 383
522 851
248 819
415 856
324 642
811 307
260 75
529 73
633 813
642 360
137 795
556 517
232 818
375 218
413 846
865 425
59 375
79 439
134 509
851 388
178 645
822 528
109 411
148 455
720 64
594 476
7 380
665 196
386 511
764 483
618 172
194 298
859 113
143 168
91 694
720 724
776 80
321 354
284 223
345 689
108 507
671 761
424 629
757 93
834 628
670 202
275 190
811 400
207 827
851 9
301 88
229 453
495 285
850 435
789 566
472 191
698 783
80 777
706 629
230 287
682 421
267 182
623 134
258 559
315 674
613 631
565 500
770 73
503 408
227 222
835 287
86 722
251 196
288 343
489 863
592 691
719 15
80 300
687 54
581 839
342 413
159 531
171 373
382 279
195 570
413 857
740 336
400 588
581 215
500 757
66 40
637 500
13 325
595 296
310 679
410 555
405 77
666 727
370 56
530 189
761 55
168 528
305 531
451 131
489 468
643 503
370 644
666 489
78 539
614 52
725 740
233 388
51 397
697 387
347 67
148 475
774 196
25 400
154 820
318 149
479 418
193 93
419 684
611 419
192 216
855 564
58 753
539 712
297 627
796 627
356 669
857 477
660 195
38 747
444 40
501 41
327 102
165 311
22 640
611 677
409 304
114 862
506 602
822 273
790 206
112 265
387 146
233 485
116 867
339 145
234 428
552 563
220 705
387 432
78 660
562 139
660 185
623 823
738 31
334 594
759 72
726 462
754 328
97 254
387 805
164 701
546 829
17 583
644 484
870 729
190 106
102 781
284 356
161 352
674 501
859 588
514 500
44 208
139 44
711 663
493 162
443 568
383 368
444 841
818 49
431 865
250 479
201 766
770 140
650 416
167 182
119 594
228 416
709 425
68 585
584 215
813 273
440 379
465 834
463 203
229 602
784 143
694 390
270 52
450 222
163 171
241 194
593 117
116 284
541 312
230 300
485 60
711 541
166 744
190 20
814 761
322 180
565 104
477 334
633 853
742 688
157 187
543 828
731 218
783 405
401 108
401 188
477 585
132 36
363 366
769 231
256 259
354 570
7 558
310 644
109 452
364 76
260 791
763 677
838 364
491 83
832 181
724 387
534 392
432 72
658 730
353 7
448 328
73 390
857 663
238 48
123 240
505 301
17 118
108 291
3 476
518 433
622 534
667 476
872 815
138 104
412 753
569 785
841 20
71 332
753 829
504 813
622 323
646 551
491 556
366 125
403 680
852 54
600 7
91 371
644 730
421 52
78 111
673 541
603 732
712 442
197 40
544 309
537 819
349 509
167 346
229 786
173 612
157 277
106 537
698 637
235 608
34 64
843 180
832 369
731 660
471 362
292 5
863 499
131 596
798 476
378 11
275 52
531 378
771 83
332 469
517 416
527 354
289 813
516 411
295 644
190 48
64 831
852 153
285 772
97 818
683 580
120 668
526 740
763 498
770 484
685 272
85 350
213 265
255 473
866 174
830 408
736 796
29 828
253 744
508 592
848 764
649 42
371 783
246 693
49 108
837 534
18 446
571 227
165 200
287 127
189 210
299 638
249 447
587 604
31 646
627 367
837 735
595 854
373 337
799 798
32 349
692 731
291 527
743 621
30 118
398 342
228 139
732 190
38 65
792 136
361 36
487 401
522 447
794 696
752 580
311 20
811 410
116 508
334 431
344 116
332 638
753 722
330 680
477 519
150 269
302 7
2 780
134 346
673 244
231 52
126 641
422 540
334 263
847 756
465 127
124 193
159 503
469 609
864 286
754 476
805 199
284 49
803 288
54 817
184 570
616 605
752 819
788 849
720 716
59 279
133 515
42 184
322 843
26 549
405 368
334 195
855 665
678 178
132 648
280 187
395 576
534 587
596 217
372 739
605 456
645 153
291 768
8 660
135 94
249 347
712 530
608 707
76 566
387 857
51 122
416 24
18 324
751 810
719 102
369 611
231 381
549 483
442 564
4 257
102 63
267 541
160 624
536 98
404 616
851 372
503 100
507 97
752 325
716 224
38 811
539 754
866 798
245 323
483 200
690 541
345 564
18 776
771 785
216 775
462 716
777 395
102 493
835 413
447 180
742 304
144 205
826 696
208 485
501 731
545 493
175 384
802 500
723 589
618 636
719 116
298 653
189 319
796 739
85 579
781 166
322 192
537 501
60 121
101 835
139 49
361 558
784 298
589 68
348 361
150 110
34 184
787 417
853 224
118 458
443 500
190 96
815 464
692 660
515 830
678 222
537 333
372 517
636 588
12 169
452 619
125 646
805 612
510 250
383 584
100 399
391 530
512 113
12 66
183 572
847 597
774 287
27 80
851 815
568 364
16 601
532 655
60 567
83 818
212 662
411 302
584 108
802 63
141 121
624 3
866 253
737 175
39 132
131 626
723 492
753 484
423 783
241 200
439 848
388 710
83 71
121 248
193 539
789 548
819 814
531 837
293 666
294 173
177 15
413 273
183 17
147 624
208 232
172 455
479 12
74 87
493 265
280 863
408 148
870 68
581 420
586 458
143 350
540 399
579 41
250 42
268 701
52 740
643 772
384 503
701 177
758 386
872 802
209 508
320 212
549 312
113 725
518 346
12 342
858 345
629 694
446 136
601 172
709 179
291 668
823 538
75 53
721 749
635 477
46 764
213 730
362 228
683 213
278 357
116 832
840 818
250 593
579 844
519 229
761 590
84 91
869 96
626 714
840 729
876 780
713 513
444 855
731 496
127 278
61 100
825 228
419 205
859 380
539 202
707 181
651 666
229 185
384 515
583 176
803 742
144 340
846 776
121 43
363 776
553 872
348 790
461 529
220 851
795 337
338 659
68 501
267 239
494 137
275 821
204 79
519 445
337 554
451 833
863 365
222 176
631 193
157 602
856 10
197 841
219 769
288 698
775 111
357 39
9 809
339 408
473 866
106 501
666 782
737 462
698 266
810 157
498 331
705 97
541 283
635 480
766 858
620 193
305 425
641 588
274 334
93 332
647 121
745 528
816 576
793 719
205 843
95 331
72 512
753 116
399 193
384 241
275 463
459 346
793 398
736 798
300 61
138 288
195 356
714 617
499 829
869 492
104 170
485 531
287 155
715 1
135 648
564 688
660 824
84 394
49 728
288 159
269 7
789 167
264 835
500 132
138 299
582 875
749 580
788 353
44 484
635 843
178 286
876 329
608 663
707 768
397 524
215 596
199 766
632 758
373 85
329 622
738 223
60 55
10 716
616 767
374 836
487 400
698 689
650 329
86 461
625 704
75 265
420 145
757 451
315 80
282 862
871 522
485 662
345 584
381 282
398 616
650 542
800 398
70 671
618 135
649 273
447 224
622 64
403 465
703 462
319 367
773 193
3 794
427 397
637 81
615 676
225 114
410 5
709 687
522 298
305 857
126 830
367 849
101 330
538 168
314 133
4 315
338 617
190 670
15 687
461 230
791 319
336 484
232 149
486 592
685 78
577 845
134 527
356 395
105 314
486 164
223 834
789 187
3 151
444 680
303 125
270 704
805 475
788 261
598 695
97 434
13 78
233 869
824 448
241 338
204 692
579 438
263 12
467 90
305 843
806 20
99 774
225 455
135 86
323 635
730 274
164 476
770 275
789 448
530 400
612 389
26 800
251 560
512 326
821 191
783 872
737 477
739 527
623 803
205 794
538 521
830 54
724 458
672 176
726 552
54 577
532 420
222 795
261 612
209 262
779 491
726 301
255 282
644 496
578 364
151 378
561 183
263 299
68 308
106 348
145 498
274 867
612 19
43 325
868 229
268 57
372 575
417 721
296 444
613 695
545 738
158 530
235 4
533 693
589 67
113 778
171 796
25 185
171 182
847 239
134 643
90 10
293 860
735 117
259 494
649 749
597 116
834 326
84 854
767 243
700 822
833 10
523 116
258 833
12 170
30 537
315 507
392 798
544 409
838 607
604 419
787 312
560 825
209 368
281 867
140 451
49 185
413 358
217 797
237 599
256 431
611 32
522 333
464 322
747 247
107 340
241 858
38 369
122 206
540 147
574 427
598 409
16 745
473 536
24 228
814 353
433 759
217 168
21 761
387 345
248 135
468 546
717 326
511 470
496 416
648 61
190 19
410 710
32 834
141 427
48 127
97 812
651 636
486 862
710 771
516 728
479 280
4 447
713 142
859 187
236 320
457 584
477 767
140 497
535 777
22 62
65 406
473 6
356 501
468 783
433 347
108 278
289 210
588 466
240 245
101 270
185 274
385 365
207 853
283 519
197 181
293 284
148 467
647 617
870 228
15 276
625 448
420 46
332 184
518 803
595 207
759 46
284 315
235 658
397 731
759 223
2 835
526 563
250 61
761 831
586 76
144 439
218 162
147 431
188 507
426 410
672 456
611 173
333 516
764 488
819 623
179 418
397 295
750 175
255 2
581 414
265 653
85 20
825 607
186 35
834 832
361 223
534 255
627 267
422 590
188 831
118 386
762 404
601 95
674 447
820 229
134 566
857 131
677 247
95 584
797 617
48 168
502 496
788 137
294 827
61 4
703 469
851 875
412 799
344 637
745 132
25 422
507 709
487 736
404 721
371 776
230 743
214 685
346 86
332 370
615 784
300 62
673 298
178 840
552 804
536 169
408 434
601 581
359 845
861 33
185 704
93 87
118 412
814 105
299 793
818 779
673 449
640 193
307 102
24 828
222 756
387 394
480 568
501 834
33 424
859 689
551 433
258 101
327 78
801 793
400 457
381 617
855 650
543 82
167 231
465 669
84 806
33 327
588 380
522 261
161 251
435 366
763 177
811 102
208 783
482 815
780 330
66 229
53 604
605 816
735 872
847 290
61 361
563 292
745 576
764 355
22 260
867 122
802 394
172 579
209 844
453 144
721 843
542 245
136 216
720 71
612 192
615 686
123 501
413 30
343 278
294 310
329 534
48 84
842 105
772 39
85 375
430 359
468 30
269 678
517 186
350 478
225 669
482 846
764 403
358 14
201 782
508 712
541 360
141 178
239 366
114 715
747 722
619 177
196 646
159 218
314 841
206 475
596 426
411 875
536 820
517 382
403 593
171 420
875 290
60 545
576 495
741 27
851 567
452 838
713 570
534 503
331 517
817 728
233 503
218 235
573 281
560 600
30 16
638 481
431 365
87 474
626 610
773 210
54 17
724 711
449 70
678 172
737 734
674 860
64 145
287 334
719 331
211 96
418 71
534 377
607 861
447 336
32 370
310 840
723 106
521 247
869 642
432 447
517 619
97 717
41 200
206 199
498 516
46 364
623 41
861 313
352 290
560 780
277 14
394 68
551 487
143 757
610 417
519 537
372 393
264 306
546 322
269 714
399 687
147 607
581 716
33 494
752 92
751 683
771 466
241 323
294 471
632 801
284 729
677 798
343 307
369 810
632 119
84 299
124 706
769 764
368 788
422 561
653 204
130 789
296 703
261 270
639 802
330 764
169 269
408 136
618 330
857 197
626 314
349 108
206 64
580 760
124 812
717 692
239 589
476 145
520 98
631 369
6 171
450 289
199 816
510 144
55 666
292 760
868 863
133 247
607 622
2 287
112 702
496 648
424 181
85 596
463 513
707 104
780 863
301 647
86 871
469 715
170 194
170 872
101 708
232 450
858 119
698 630
224 806
760 291
118 733
362 3
806 645
237 43
744 460
582 640
677 499
215 532
487 732
807 293
111 168
41 804
189 526
871 328
447 287
818 481
73 155
182 88
567 387
782 460
123 849
589 872
40 806
386 814
387 750
837 677
350 406
243 687
796 788
731 223
514 453
591 12
224 539
281 145
864 38
619 121
270 235
863 600
222 53
388 146
308 190
518 251
83 181
856 713
32 27
282 417
442 483
78 429
46 847
417 362
626 149
805 663
541 263
192 863
551 536
843 35
384 455
96 262
95 143
27 613
546 376
197 520
46 155
560 4
497 366
669 532
429 783
607 312
744 176
693 153
125 444
270 330
770 252
183 849
261 13
692 295
208 119
876 811
348 602
367 80
868 32
389 286
56 538
600 296
641 823
366 615
847 874
595 111
67 188
15 357
497 677
711 172
6 871
134 381
545 314
525 697
108 403
381 43
273 437
115 67
540 32
120 299
138 438
249 854
382 577
457 366
277 731
689 257
195 72
220 653
222 356
370 597
723 43
507 782
349 661
866 545
152 260
618 206
269 169
645 195
96 737
171 871
117 372
652 673
584 193
604 28
163 395
539 650
831 856
425 143
261 326
707 170
781 118
547 79
456 204
574 226
742 222
615 292
841 164
493 436
226 666
513 77
53 802
595 2
449 234
359 555
651 861
272 50
627 575
518 105
745 751
748 793
769 210
588 639
868 386
852 783
156 345
410 652
511 489
169 405
280 763
206 818
816 631
874 175
640 261
659 35
349 335
443 835
85 79
626 655
272 510
310 90
674 180
527 383
557 849
397 832
35 711
272 525
847 620
556 834
135 506
451 490
768 338
754 528
519 581
538 651
170 20
427 629
834 47
708 95
780 636
468 721
361 505
258 265
27 338
74 844
307 569
515 435
630 779
504 201
122 376
512 731
235 868
236 59
682 848
403 580
262 692
68 473
679 61
238 648
242 298
693 190
482 755
197 305
70 394
400 221
682 569
300 574
141 170
128 759
499 251
166 178
774 423
624 860
279 747
50 347
658 461
381 524
42 609
689 462
122 673
270 625
87 773
625 745
700 811
137 841
341 548
756 619
867 334
298 354
814 331
498 208
45 775
695 231
810 381
296 238
765 140
57 731
666 683
376 565
288 513
491 10
118 815
871 295
817 500
362 373
17 259
254 319
808 103
755 352
612 319
137 487
836 541
190 107
99 232
616 851
347 515
187 669
149 334
743 384
827 332
243 835
858 646
144 626
72 239
145 207
640 625
520 802
831 585
805 500
38 856
777 517
140 341
286 396
605 519
290 585
440 828
169 483
800 331
692 412
21 136
839 874
807 310
538 499
829 261
361 111
437 509
476 227
759 835
874 769
253 681
92 187
692 751
589 384
490 37
771 248
350 795
59 186
297 609
583 56
144 476
475 580
791 346
264 123
427 473
549 388
823 656
699 507
421 710
26 733
487 69
593 112
648 80
90 26
552 65
398 772
574 872
704 625
232 338
488 252
383 746
384 540
612 10
461 844
185 588
372 534
803 756
453 819
446 163
264 700
249 405
128 790
347 321
596 629
758 652
172 39
257 440
488 297
397 28
847 403
667 777
706 187
635 438
8 866
324 188
507 244
219 359
111 660
872 265
820 38
586 353
172 634
541 156
322 338
433 577
313 218
278 50
278 615
249 834
434 154
157 783
575 39
615 411
600 656
362 114
142 83
28 52
355 666
474 763
206 743
119 322
34 812
146 255
755 791
511 382
276 420
145 815
145 640
258 417
655 196
53 650
774 580
558 95
682 225
305 303
561 743
621 612
163 245
843 256
865 645
700 605
671 416
486 357
36 476
274 451
149 736
149 155
872 21
340 381
486 500
35 201
127 855
292 248
740 673
5 423
622 16
642 82
537 312
139 545
380 77
312 778
596 215
48 772
561 108
758 327
379 457
786 417
436 688
8 135
263 365
285 469
801 548
646 286
737 678
622 717
312 310
336 590
796 396
16 427
342 834
403 7
501 291
150 21
356 644
854 407
231 545
127 270
201 195
29 572
149 286
189 268
210 582
782 291
534 126
313 29
573 476
295 85
445 211
138 144
375 406
654 338
107 99
129 8
481 679
225 874
853 71
490 392
230 78
317 138
617 329
499 491
411 823
411 378
164 709
20 767
402 78
791 386
787 89
817 470
267 46
826 364
333 364
761 171
174 62
747 479
267 578
514 299
367 6
259 393
632 109
354 25
546 234
68 638
52 155
92 94
626 631
497 508
190 610
108 773
734 554
62 231
524 54
