2596.52943546
2697.57711546
2853.67822546
2990.73713546
3118.79571546
3231.87977546
3302.91688546
3359.93834546
3460.98602546
3590.02861546
3719.07120546
3905.15051546
4006.19819546
4119.28225546
4275.38336546
4438.44669546
4535.49945546
4638.50864546
4766.56722546
4865.63563546
4968.64482546
5154.72413546
5291.78304546
5378.81507546
5435.83653546
5598.89986546
5713.92680546
5827.01086546
5940.09492546
6071.13541546
6234.19874546
6305.23585546
6434.27844546
6565.31893546
6666.36661546
6779.45067546
6878.51908546
6935.54054546
7082.60895546
7185.61814546
7288.62733546
7401.71139546
7529.80635546
7660.84684546
7807.91525546
7904.96801546
8052.03642546
8153.08410546
8250.13686546
8413.20019546
8470.22165546
8541.25876546
8678.31767546
8792.36060546
8929.41951546
9085.52062546
9199.56355546
9300.61123546
9357.63269546
9458.68037546
9573.70731546
9686.79137546
9783.84413546
9898.87107546
10054.9721855
10183.0307655
10346.0940955
10493.1625055
10550.1839655
10681.2244555
10780.2928655
10911.3333555
10982.3704655
11097.3974055
11194.4501655
11325.4906555
11439.5335855
11536.5863455
11649.6704055
11764.6973455
11821.7188055
11952.7592955
12080.8542555
12266.9335655
12337.9706755
12440.9798655
12556.0068055
12613.0282655
12760.0966755
12891.1371655
13019.1957455
13120.2434255
13267.3118355
13324.3332955
13480.4344055
13611.4748955
13774.5382255
13861.5702555
14017.6713655
