1000 9885
727 68
512 411
90 187
551 794
21 727
225 868
925 97
428 575
52 243
143 36
414 879
440 21
316 696
82 950
929 983
837 806
888 661
74 998
479 45
82 841
696 949
717 761
630 578
598 44
946 517
543 869
911 961
951 820
757 581
723 717
260 181
759 27
304 845
998 933
179 63
899 790
631 989
209 884
322 525
394 910
94 57
776 186
361 942
292 452
311 296
46 175
315 198
486 790
179 842
878 840
572 98
990 273
499 342
541 825
323 516
123 790
469 782
680 195
148 473
196 707
166 806
337 480
603 133
762 451
508 749
966 697
490 142
509 162
918 188
125 498
452 70
756 20
902 352
560 791
903 57
747 936
488 882
768 836
401 877
368 792
846 61
519 489
685 897
478 897
409 397
552 586
772 795
811 823
668 852
116 905
742 845
745 558
547 881
472 693
973 23
388 915
794 954
9 322
7 955
357 306
30 488
345 474
939 24
816 813
211 668
394 415
566 345
74 907
682 842
76 237
973 377
976 35
63 497
158 479
886 597
687 556
801 185
830 60
479 406
905 203
84 454
378 231
251 351
624 723
255 703
772 125
574 33
443 545
43 555
31 750
583 941
624 802
532 541
165 20
161 917
53 751
832 174
524 556
209 993
31 524
210 15
586 373
1 553
843 366
764 682
554 983
884 626
839 649
814 349
156 543
639 200
164 50
202 461
136 979
818 51
178 338
487 476
70 204
771 251
774 718
723 146
981 71
154 155
943 921
784 126
141 431
89 966
309 573
681 650
166 834
228 675
482 687
374 993
452 43
555 842
920 509
245 636
980 513
73 288
33 548
162 384
864 42
955 197
370 287
777 677
305 351
599 754
450 391
824 825
822 407
293 843
104 677
794 764
745 138
876 848
793 316
228 231
779 241
876 999
617 209
247 314
157 46
30 452
608 508
627 607
907 738
910 647
159 881
91 839
147 89
738 648
692 507
609 887
683 136
898 418
156 8
30 625
752 437
34 620
42 163
759 82
900 46
403 526
10 988
377 449
32 228
277 732
484 253
230 614
343 861
658 251
588 888
448 131
930 999
257 931
865 310
525 250
174 24
156 611
822 900
571 388
296 870
26 19
32 672
896 693
989 30
2 8
221 180
282 296
376 552
486 56
310 458
210 54
253 244
185 646
461 967
244 489
483 659
943 659
529 571
310 20
831 402
410 694
68 78
690 989
702 645
805 220
105 199
324 359
997 88
323 169
219 456
848 504
940 296
15 404
509 543
111 319
494 173
8 350
371 546
523 353
123 133
587 562
808 805
626 20
95 875
796 286
298 981
604 739
971 288
900 236
204 209
523 591
545 139
88 842
414 716
290 998
791 650
294 934
557 868
428 592
869 594
28 86
446 765
346 28
715 180
496 110
403 554
540 57
658 76
574 668
169 425
960 428
904 488
800 261
231 351
303 946
202 35
865 481
495 666
979 361
598 461
359 507
289 307
39 805
192 228
546 783
175 485
503 824
343 583
749 576
453 910
918 439
97 57
461 568
544 628
13 347
589 828
241 918
804 491
334 425
135 840
619 493
931 953
415 232
130 880
112 617
684 679
561 436
535 133
489 81
400 718
901 930
686 284
279 734
675 13
77 367
814 704
769 65
328 783
593 473
741 987
603 428
146 615
241 419
872 347
690 852
485 296
416 289
55 586
575 147
835 254
364 702
608 420
95 830
373 572
261 104
930 393
945 923
281 934
627 753
845 282
848 2
901 24
61 747
428 862
568 129
930 504
626 395
165 285
846 700
462 34
58 192
653 568
284 189
19 312
386 717
919 469
800 67
619 429
161 543
951 932
255 363
277 661
539 302
443 629
942 665
411 211
395 758
342 585
715 33
554 865
991 308
922 717
942 264
834 401
943 572
179 220
2 319
39 888
10 786
541 534
157 961
874 597
913 355
710 247
586 859
883 673
574 73
315 269
689 936
110 850
326 895
614 482
995 636
93 889
620 791
907 192
24 680
520 621
297 660
10 455
945 224
84 692
348 225
409 867
512 572
768 726
362 965
820 696
509 18
112 740
243 122
483 683
926 363
506 776
31 397
699 191
77 255
210 288
266 30
251 564
12 622
486 445
234 426
881 605
898 587
958 555
177 570
807 258
973 22
707 118
109 336
646 640
989 812
519 402
206 558
632 100
947 564
929 1
529 329
513 834
648 374
535 773
518 477
385 759
389 135
172 537
467 731
947 677
358 820
215 661
822 108
220 781
5 439
527 470
388 464
265 363
892 366
985 52
986 999
958 321
338 694
190 815
84 310
965 619
341 321
531 241
53 637
718 1000
562 745
725 43
638 83
838 378
161 916
679 622
666 699
169 481
179 824
182 617
643 137
990 208
867 359
136 581
118 88
417 792
159 437
889 740
992 916
24 998
266 623
432 379
987 747
163 509
607 510
866 804
794 57
818 986
979 127
652 175
547 323
378 634
344 518
609 14
222 193
644 539
709 758
188 911
684 20
671 994
600 854
750 809
787 517
932 286
42 808
831 744
392 823
873 290
46 644
733 214
680 478
42 955
975 265
478 979
101 156
727 440
367 981
55 383
13 90
480 659
323 63
989 622
168 784
6 48
46 770
309 97
882 357
241 363
773 466
77 965
6 451
389 473
773 474
328 549
132 381
798 974
123 248
160 878
289 334
542 307
325 765
270 150
380 117
786 738
55 848
900 691
976 415
557 750
985 487
786 144
583 329
330 56
801 988
322 336
736 922
170 268
902 725
84 330
782 15
18 968
903 745
844 380
402 427
978 970
105 954
706 381
778 862
218 643
344 931
131 8
64 37
174 942
726 747
875 239
13 84
641 939
89 662
957 372
183 804
489 197
351 626
429 164
305 926
322 788
537 539
645 641
764 8
221 179
443 121
157 683
413 577
182 413
178 640
36 335
129 59
756 222
993 804
900 784
592 921
816 219
854 871
619 302
165 577
505 898
417 352
243 50
82 396
979 742
907 69
964 114
381 128
962 591
911 442
784 904
107 880
203 625
555 484
665 292
635 594
104 906
690 945
884 463
246 544
542 13
238 196
403 113
280 484
542 412
229 911
503 32
319 658
947 669
949 311
588 217
75 502
919 567
900 237
186 837
939 257
523 590
28 32
764 506
639 766
179 436
327 20
189 342
682 769
9 853
925 735
242 564
151 155
451 933
674 688
1 886
40 780
938 749
795 108
444 118
999 964
191 795
325 789
454 443
520 133
978 577
62 524
199 93
487 1
509 457
420 78
168 255
442 386
870 87
73 166
989 499
168 142
171 849
692 673
702 852
552 20
435 696
412 461
202 661
187 43
79 233
154 208
338 85
727 685
840 495
659 949
496 1
6 956
188 951
979 932
398 136
103 292
984 526
71 778
721 685
884 111
958 722
742 69
500 880
67 335
909 578
915 765
319 281
43 470
633 410
691 352
928 880
466 979
730 516
840 92
362 640
147 468
845 213
168 857
673 797
432 941
675 842
381 390
953 253
294 263
722 969
927 529
270 300
626 166
823 576
661 421
96 649
356 171
712 451
554 298
38 139
514 940
640 287
166 47
407 307
854 152
808 398
913 330
930 616
218 438
334 812
374 61
251 290
108 489
23 368
740 742
541 499
247 982
123 748
415 762
532 746
148 935
94 63
277 517
114 937
335 307
28 345
616 491
804 746
515 857
734 111
520 161
773 529
705 785
328 434
883 672
404 623
723 779
500 144
830 700
62 778
286 414
948 815
555 979
828 325
576 406
297 667
339 368
159 37
396 729
155 179
991 372
470 565
73 961
80 664
771 972
926 360
285 352
54 39
662 294
398 564
561 177
376 969
238 307
664 134
613 365
941 678
809 146
285 386
180 360
369 273
72 354
998 424
696 646
988 630
76 152
369 482
955 615
722 422
155 555
941 584
85 422
829 551
167 128
219 702
178 603
472 836
159 812
769 616
636 846
298 192
912 844
574 754
356 58
277 982
367 702
977 542
874 498
47 285
92 859
790 668
792 597
867 59
265 763
17 394
36 690
754 475
22 997
478 235
830 796
585 607
152 324
326 47
130 346
68 723
999 780
451 778
13 47
896 909
710 172
986 681
957 504
74 912
546 965
340 494
236 335
975 212
723 807
652 217
861 205
420 277
684 586
847 398
940 732
776 517
872 826
580 523
235 286
418 786
789 257
465 66
301 167
163 218
456 80
842 198
814 799
799 73
487 525
510 374
591 171
916 218
383 861
615 358
894 299
966 980
660 231
328 840
389 439
744 379
105 378
696 563
253 274
589 152
972 736
954 887
411 805
426 204
890 873
47 668
911 327
548 643
825 2
823 539
735 305
777 871
116 653
635 919
368 311
226 736
131 745
138 954
530 488
184 212
61 786
479 103
623 412
562 191
347 657
446 711
378 249
929 767
622 860
541 243
356 720
714 974
507 580
805 405
553 324
279 18
908 994
411 154
729 139
915 447
628 959
420 196
719 480
814 268
227 722
999 816
659 782
430 21
320 478
108 215
52 928
421 766
667 250
762 180
121 36
557 782
353 905
430 247
786 215
438 770
884 886
851 103
214 751
572 704
803 200
862 677
42 890
573 462
559 655
767 872
55 444
794 316
459 892
390 451
671 86
909 605
440 704
292 545
955 227
301 941
984 849
665 442
495 4
64 831
907 469
507 361
975 305
484 111
285 74
744 698
998 229
115 269
99 688
251 935
835 4
893 262
929 482
324 519
110 16
665 581
797 64
545 431
18 361
237 115
94 516
574 818
652 1000
377 528
558 348
694 635
471 566
484 675
602 458
464 940
592 172
796 62
619 645
929 667
913 254
967 71
606 413
588 952
661 836
494 751
387 211
447 901
639 479
749 395
677 254
491 423
623 662
572 388
169 431
226 200
597 55
639 428
676 442
288 491
731 817
607 130
311 449
188 12
406 447
409 329
671 609
504 841
783 402
533 640
878 947
173 369
878 802
830 641
504 39
469 887
111 586
442 229
965 247
71 884
828 273
975 418
780 140
747 323
451 286
54 937
606 650
99 784
124 677
713 320
716 865
456 247
378 826
320 779
96 317
722 161
853 261
572 151
82 256
245 852
391 672
694 27
72 310
238 391
95 538
104 999
638 868
937 647
313 157
219 681
86 954
185 475
42 436
494 602
172 567
47 965
664 359
479 46
523 540
981 808
466 703
477 537
423 599
635 189
946 512
562 409
92 880
787 208
446 671
911 883
990 984
888 894
207 470
544 90
625 161
75 832
645 436
459 737
443 740
389 758
636 551
606 982
257 632
26 1
116 232
74 389
642 333
718 736
520 817
581 360
103 20
50 224
910 172
880 863
2 95
187 473
461 730
758 784
49 472
505 750
268 190
552 497
384 387
686 92
819 573
567 171
821 423
55 119
612 784
389 145
604 428
822 287
237 725
58 440
955 186
843 647
871 838
596 808
345 652
384 80
650 279
963 228
34 16
676 711
383 777
488 992
391 644
251 679
677 911
362 628
695 346
536 449
223 437
573 954
292 822
462 555
301 663
347 338
937 739
204 422
264 787
212 937
630 643
955 727
647 757
82 921
321 247
730 93
863 283
441 718
501 454
137 197
601 808
412 89
855 999
15 236
169 180
226 831
542 567
598 79
502 976
70 756
751 551
717 595
166 219
209 708
675 847
57 632
565 228
248 569
523 887
728 195
710 311
30 837
386 552
18 885
866 81
796 772
356 787
549 76
71 504
239 874
743 850
796 955
376 332
134 766
107 44
823 402
515 965
2 176
611 876
374 730
413 714
429 284
887 920
28 755
378 632
126 250
989 168
183 17
558 71
7 327
227 885
395 33
163 221
989 217
870 68
194 765
504 317
659 861
417 346
371 15
48 26
926 325
842 528
638 115
965 481
414 121
5 355
863 810
663 638
685 994
176 190
471 489
608 145
422 695
205 61
742 876
447 64
694 963
754 395
116 543
834 734
891 403
837 985
901 968
408 969
950 667
679 123
503 385
441 889
812 664
27 496
566 427
374 88
212 675
963 685
378 151
696 112
125 682
660 651
826 423
853 166
912 568
905 244
576 629
792 690
333 878
227 503
212 385
970 341
878 698
667 479
425 984
619 966
981 179
947 127
239 793
342 607
791 950
727 316
903 869
117 490
645 541
689 613
871 373
467 19
529 252
892 816
897 624
199 568
810 485
420 443
370 890
631 597
880 871
793 816
558 240
619 2
582 138
549 467
385 38
888 481
392 838
67 708
822 340
305 747
168 577
371 122
867 833
348 346
206 936
153 348
617 775
101 190
11 138
910 810
654 976
573 768
557 251
426 399
945 363
964 131
968 198
552 517
132 573
363 16
980 885
621 601
342 410
803 660
767 687
626 817
163 565
20 138
348 868
964 812
959 25
502 604
121 931
531 766
324 512
532 45
739 611
955 686
65 912
618 556
123 134
952 408
971 340
455 191
826 433
55 769
367 531
960 995
828 91
551 33
721 446
388 27
1000 371
182 514
584 626
416 964
882 843
666 940
811 333
338 749
18 486
985 227
644 10
60 209
743 620
397 134
792 940
960 478
500 271
156 723
553 65
75 901
477 105
458 522
282 105
980 128
452 825
970 954
457 197
847 464
353 916
283 577
663 482
758 932
392 915
376 98
250 647
270 980
366 637
59 87
409 900
659 804
178 701
152 746
901 943
243 99
494 374
137 562
889 917
528 205
735 558
876 757
971 935
366 863
595 871
517 736
185 143
367 115
759 909
814 566
375 900
285 444
275 378
824 156
884 446
581 634
68 835
697 149
54 490
226 583
336 11
328 639
298 91
1000 433
754 64
972 15
591 855
635 207
564 193
421 221
87 436
751 669
511 664
807 863
494 430
946 595
133 316
621 385
643 427
237 376
578 84
356 538
476 583
170 706
192 950
778 901
505 177
606 265
553 387
528 591
302 174
605 431
662 670
5 933
282 218
743 374
600 192
448 893
214 896
364 449
183 927
554 529
499 346
684 759
371 276
103 245
361 494
15 887
567 170
22 596
236 922
332 729
439 894
188 597
154 933
854 818
673 285
567 219
55 487
258 647
165 142
315 346
244 300
263 154
376 860
341 726
474 297
826 66
555 512
759 992
724 613
324 299
141 843
181 174
328 814
717 300
632 252
135 365
108 869
125 833
539 933
578 581
480 1000
321 468
543 257
195 431
73 847
916 405
886 655
755 962
686 763
800 678
656 826
631 377
243 552
715 112
462 970
446 463
284 510
503 234
858 23
513 752
950 559
809 585
113 116
114 263
208 832
227 252
869 693
856 748
514 910
496 203
464 617
191 494
30 936
605 864
363 381
840 47
754 326
136 411
66 836
395 646
360 697
572 478
661 891
705 59
669 640
139 701
112 153
610 248
826 941
23 7
689 751
536 743
415 731
515 951
643 138
331 598
630 110
835 966
527 516
495 588
847 283
134 42
192 303
802 680
515 85
349 407
712 645
609 3
560 969
27 524
157 629
896 459
349 697
461 991
95 334
980 845
512 539
289 662
474 666
970 551
845 953
115 100
315 358
614 126
427 864
500 682
966 955
414 815
186 505
600 647
12 525
90 861
661 136
3 850
177 579
464 122
870 310
477 717
11 335
432 920
328 729
458 872
756 697
706 345
685 643
65 538
47 342
751 902
756 552
315 802
820 781
519 117
203 773
920 859
906 466
401 554
748 543
711 421
522 770
62 219
414 724
8 19
13 798
892 843
562 569
925 617
503 413
199 900
910 936
120 545
339 12
464 883
487 137
235 944
52 666
678 242
457 462
900 328
244 898
582 854
463 160
716 740
359 467
162 909
87 928
770 844
420 85
168 6
666 269
776 453
80 818
319 999
16 458
2 149
918 431
791 151
6 693
425 522
409 141
376 472
31 770
213 747
287 148
145 635
662 928
137 827
524 897
541 888
382 125
241 895
187 113
615 81
214 682
306 609
895 289
367 376
741 651
758 635
779 418
505 903
289 690
550 855
628 19
115 64
543 42
656 326
459 135
154 703
376 515
221 843
938 483
897 812
942 816
670 58
983 17
824 390
107 443
993 741
613 52
851 643
764 160
655 819
145 559
218 12
535 900
498 780
9 239
670 212
677 696
215 745
492 306
204 126
613 790
281 963
393 281
753 147
511 743
520 332
132 114
874 953
982 420
89 59
471 929
130 591
882 840
203 412
957 235
388 314
563 332
340 211
450 623
291 561
798 441
705 227
562 684
264 503
874 746
435 866
808 244
500 264
880 166
991 754
776 481
995 759
619 195
542 193
838 99
162 512
514 301
131 775
561 496
892 964
642 393
951 433
24 592
945 248
103 208
556 470
847 241
794 495
375 752
727 543
685 7
978 19
546 417
48 84
693 524
746 134
15 673
901 576
573 803
861 706
923 988
466 609
552 994
609 759
258 885
850 763
356 112
252 33
859 75
755 138
283 45
683 914
152 287
512 15
675 895
694 827
808 886
275 91
850 541
117 911
958 79
373 565
469 2
94 369
699 223
505 894
818 629
998 975
52 909
441 195
613 748
282 918
9 886
763 211
900 482
95 254
209 879
782 970
911 738
221 308
973 837
869 852
145 400
403 808
540 319
154 494
417 972
729 370
827 973
297 510
83 429
357 410
322 859
549 136
300 858
202 692
420 323
495 777
253 199
434 611
41 643
787 250
374 777
529 630
578 817
831 577
723 328
357 202
302 213
664 794
883 142
594 39
885 548
195 112
569 675
493 395
241 498
976 875
507 681
304 543
181 222
354 674
996 245
229 226
301 661
553 768
848 452
284 328
67 208
532 230
985 629
220 922
919 678
133 125
579 197
731 105
195 716
752 575
949 507
237 57
574 968
167 274
338 912
670 447
381 400
13 616
344 257
380 455
53 423
274 84
611 325
726 118
730 381
130 567
978 851
190 723
485 925
456 953
992 731
990 954
312 701
403 614
783 395
71 357
773 737
852 174
139 525
287 413
678 294
98 436
211 308
236 330
455 1000
97 244
396 410
219 537
992 775
847 395
616 839
68 290
489 243
309 568
491 941
573 423
586 815
339 273
896 460
715 922
935 933
810 954
318 953
159 171
398 945
691 564
426 839
931 339
642 770
203 760
384 62
451 453
599 894
690 566
185 308
62 983
883 27
609 284
993 623
372 540
68 885
578 421
534 638
756 698
495 342
673 218
444 441
803 587
773 367
591 744
960 874
386 296
341 813
754 54
55 831
83 858
838 926
72 888
695 719
735 290
256 548
574 996
707 261
912 683
565 239
750 165
892 226
990 884
77 517
445 33
711 202
161 618
753 976
401 59
753 177
339 659
781 280
529 327
218 540
165 51
711 309
745 977
468 100
211 13
874 943
349 687
443 814
463 163
619 841
305 769
359 466
92 719
205 808
165 209
23 155
870 986
563 958
356 896
839 981
963 463
511 356
277 284
885 55
776 597
853 585
784 960
344 631
823 353
438 769
847 111
785 426
509 244
975 459
337 291
138 340
528 84
89 854
400 743
809 867
799 46
110 475
241 600
773 984
10 253
998 186
671 224
553 312
56 531
958 532
778 230
195 72
380 980
935 316
65 628
670 59
103 704
20 148
99 258
924 977
941 909
891 302
877 783
604 585
678 704
751 778
882 103
403 482
995 348
694 638
173 793
268 627
749 102
517 96
546 38
649 184
771 680
576 595
776 53
504 622
781 316
273 228
252 928
18 808
990 114
701 229
596 269
654 165
785 74
571 729
22 787
135 528
410 49
230 662
433 368
110 968
511 139
123 681
792 989
979 221
696 597
247 669
453 14
681 299
258 492
927 298
641 597
714 421
820 564
182 375
936 494
645 785
832 824
693 873
571 133
198 30
704 354
353 884
29 625
598 898
984 530
737 238
794 287
23 611
689 67
198 997
306 661
824 468
571 99
668 991
408 125
617 993
102 875
493 661
953 295
555 439
85 684
11 313
90 786
586 703
38 594
544 947
318 290
498 222
545 479
752 817
103 885
859 251
897 474
458 560
630 698
226 564
713 669
601 928
450 908
838 125
911 41
548 853
346 845
811 397
557 673
407 478
82 835
673 492
675 640
143 448
365 176
916 576
204 242
385 904
959 866
84 424
543 867
394 854
549 738
472 138
964 71
921 843
653 644
468 504
468 958
913 223
317 175
748 149
622 650
589 24
662 557
80 733
409 441
340 103
586 347
400 212
302 822
169 281
18 316
11 554
31 935
188 756
767 489
14 659
219 655
550 321
538 265
830 721
507 122
451 560
642 507
773 188
568 643
444 491
463 441
13 378
609 154
41 625
135 171
482 645
46 258
250 665
487 660
509 45
186 112
78 2
261 610
838 232
671 43
785 668
789 60
521 694
498 401
704 620
484 204
394 212
181 172
54 170
38 751
809 557
684 53
371 850
755 420
921 204
410 909
919 816
5 144
780 136
636 444
580 439
108 517
713 701
295 578
114 434
170 96
329 744
233 512
397 695
859 372
55 843
207 736
762 617
890 418
364 957
921 950
14 841
687 667
709 831
930 648
791 713
941 39
541 290
819 128
473 892
148 976
113 293
646 484
238 242
252 1000
387 953
635 297
247 551
252 863
258 178
520 833
424 182
867 362
637 768
598 526
564 117
288 645
110 896
770 793
2 143
258 37
317 493
706 935
391 259
175 408
510 9
644 625
279 184
818 914
62 810
289 586
515 228
221 219
583 434
776 664
653 334
909 932
895 271
272 439
880 604
667 606
634 551
283 809
214 767
34 337
73 301
438 503
738 713
868 616
337 224
409 755
546 500
402 540
722 213
685 787
120 383
460 507
988 816
312 337
276 244
315 582
725 963
997 46
444 930
107 792
810 155
954 883
988 598
855 166
379 105
923 834
543 21
976 5
479 210
194 94
655 255
14 237
877 955
750 59
687 718
621 438
89 458
678 903
920 635
29 417
359 670
437 502
658 467
529 276
255 345
169 38
575 362
155 119
715 31
917 823
963 219
408 793
411 182
268 317
17 251
329 313
773 708
649 974
580 806
830 45
433 331
865 328
900 729
60 46
334 693
743 299
244 591
855 500
92 383
335 21
754 959
810 893
957 415
22 432
280 783
727 629
698 877
775 376
944 485
67 481
327 792
128 242
292 557
167 691
484 309
806 846
846 127
950 373
247 542
432 823
252 168
196 729
243 343
65 587
67 5
807 193
789 854
629 663
479 784
262 830
531 771
659 310
675 540
241 155
539 796
388 224
755 177
892 94
57 249
367 540
904 286
43 826
544 741
872 146
891 628
17 667
881 420
285 29
133 197
852 547
670 500
229 620
677 408
865 680
402 230
386 739
901 192
557 862
616 294
204 941
724 55
377 487
211 102
473 948
616 452
286 890
2 341
22 784
802 511
468 232
127 21
239 687
311 370
546 844
991 764
80 784
200 597
782 697
880 823
538 165
331 737
405 362
745 639
707 451
509 294
534 153
165 618
59 251
941 249
374 944
900 866
85 984
945 79
675 418
881 841
241 746
974 242
557 58
225 433
564 874
233 94
769 42
842 544
777 743
772 653
77 166
404 490
228 214
466 607
195 39
822 192
526 708
927 911
59 1
411 764
855 249
643 825
954 666
42 432
150 943
834 948
599 244
834 63
214 82
15 103
790 939
792 416
578 433
155 352
289 506
554 422
299 705
530 191
89 21
142 9
952 149
476 723
558 657
761 523
51 209
144 925
274 272
627 898
830 869
338 607
572 833
18 781
37 63
23 508
961 891
763 307
1 710
790 326
984 435
279 653
952 721
754 741
353 68
602 913
785 343
932 2
780 78
749 943
183 9
684 754
810 821
82 156
830 249
549 488
527 92
900 838
922 314
673 752
304 125
214 720
936 626
471 128
23 646
707 945
564 846
727 402
569 560
61 991
626 515
219 251
437 160
681 962
443 499
119 578
816 226
737 491
741 419
907 273
986 314
661 226
773 504
955 525
462 559
871 689
786 629
824 320
551 823
592 812
590 299
890 705
602 19
599 43
433 896
986 92
470 101
735 443
725 753
503 231
866 238
882 940
76 123
406 588
751 313
449 47
364 77
863 404
539 482
521 83
959 897
482 231
347 953
105 878
249 208
687 779
71 214
996 432
112 13
754 468
956 888
409 491
266 294
523 875
916 800
468 66
226 140
249 85
273 325
849 998
496 650
739 342
614 678
253 707
588 561
465 622
482 580
376 530
586 94
839 896
573 308
277 375
794 3
68 890
600 334
508 571
186 370
429 493
747 382
343 363
988 124
233 850
962 835
91 355
642 145
611 200
497 520
150 440
392 652
390 107
319 339
360 256
747 412
519 458
745 115
450 305
33 287
732 415
537 159
223 516
315 601
327 313
91 190
350 665
238 70
578 676
725 947
856 830
881 349
509 628
578 727
356 153
103 956
401 398
437 376
792 361
579 163
462 805
708 965
604 534
887 97
890 455
660 32
212 207
752 428
949 334
424 343
42 170
13 426
527 161
867 90
117 359
929 611
35 652
734 270
15 633
226 33
446 554
362 417
587 216
314 588
244 909
162 904
394 412
115 664
922 958
546 994
139 440
322 878
415 479
608 535
148 698
918 418
193 763
13 304
306 314
37 442
511 503
923 393
185 548
520 555
901 491
689 212
428 726
927 86
606 659
628 495
129 49
349 666
595 222
210 192
466 854
163 842
434 749
116 810
581 864
25 95
972 547
609 383
613 351
940 1
944 196
450 277
323 1
17 862
768 946
859 369
955 452
152 407
599 909
655 911
531 661
4 755
665 735
404 309
613 49
966 370
471 751
733 760
392 228
319 652
857 496
379 116
143 121
94 521
260 443
208 892
748 638
855 826
252 365
327 125
934 431
350 806
481 565
702 336
394 688
161 667
303 310
695 834
956 706
901 207
117 714
47 243
217 156
57 587
157 577
264 363
598 250
981 226
505 153
912 439
182 777
807 618
44 810
544 162
692 794
508 959
198 39
554 775
845 545
891 26
598 452
692 905
568 663
809 211
350 269
175 482
892 848
14 548
933 306
934 597
35 529
534 158
457 858
244 54
176 830
563 698
848 823
763 963
257 76
758 580
595 250
633 307
779 451
121 519
603 647
436 742
55 268
137 647
955 371
595 984
318 337
138 59
197 732
834 659
7 847
811 231
654 126
489 662
552 884
242 70
677 712
536 136
208 969
843 3
234 885
311 975
493 1000
833 331
337 516
997 901
380 446
260 14
991 142
783 146
680 593
971 82
455 445
773 1000
333 929
818 707
729 36
238 732
847 636
151 181
27 75
212 453
914 418
579 695
249 184
143 902
994 226
302 29
14 657
250 182
154 28
407 866
429 230
451 562
583 261
549 920
145 695
960 220
267 356
88 391
396 320
325 422
770 85
633 237
427 602
728 727
508 391
949 851
474 531
220 51
611 674
371 137
941 109
916 585
158 873
796 145
432 522
112 795
591 221
774 407
232 464
362 863
771 579
594 34
354 863
615 376
29 885
765 464
258 933
794 531
45 491
855 446
696 541
539 958
403 209
422 287
314 508
25 583
891 394
358 973
832 222
941 427
642 718
347 380
556 904
743 264
34 894
471 663
790 965
242 253
264 999
617 287
160 200
207 738
902 966
338 911
469 35
930 535
934 503
517 21
597 295
249 393
969 896
933 805
165 139
744 692
69 559
160 261
587 430
470 39
792 714
596 464
601 126
361 993
341 315
161 941
201 840
938 687
959 759
819 416
396 183
415 341
783 682
883 642
990 362
150 125
656 146
303 593
549 169
149 827
453 219
407 759
253 887
211 316
387 635
944 364
317 742
999 462
896 463
415 169
127 659
348 220
22 32
779 442
249 513
129 65
404 77
499 201
281 318
875 610
743 238
509 928
972 568
686 462
566 96
432 458
660 237
368 907
332 814
479 937
337 896
335 661
263 408
837 563
768 70
57 1
648 700
793 437
690 791
584 494
656 907
696 680
588 462
73 879
113 810
371 590
512 202
252 346
554 349
958 187
428 859
749 238
843 873
458 473
415 868
557 743
669 941
345 997
268 586
976 748
200 836
38 36
222 257
525 264
200 979
311 866
95 162
105 709
170 759
874 867
526 104
710 389
450 519
92 932
553 334
166 953
75 783
792 853
903 663
209 588
97 164
919 105
740 922
526 309
393 389
91 589
771 78
97 21
614 466
596 57
10 676
391 353
69 71
287 144
936 158
285 112
757 490
723 182
637 516
413 602
841 7
291 34
125 449
92 14
936 956
22 667
704 392
764 760
894 111
182 59
334 94
115 68
722 36
614 30
651 224
600 760
324 472
788 463
256 40
550 243
890 949
270 569
950 431
902 731
24 163
379 297
367 824
295 47
375 221
11 508
30 296
158 381
821 35
630 861
333 713
378 466
624 849
363 650
414 538
697 94
731 599
573 707
868 209
71 206
527 486
517 220
892 318
621 408
307 240
455 472
416 683
377 156
557 860
433 570
14 489
397 479
865 543
42 354
740 713
759 191
910 167
89 473
217 268
496 501
188 411
886 38
433 484
14 267
217 445
473 555
93 274
956 912
294 523
23 75
540 215
10 870
856 228
486 867
213 937
306 253
953 480
330 247
248 340
932 232
311 253
496 546
162 655
275 852
883 491
221 144
684 520
296 729
975 59
23 926
908 448
965 660
261 381
148 445
646 596
50 1
896 439
589 534
132 873
515 861
983 866
72 94
276 72
25 840
907 102
984 819
403 193
464 183
462 678
484 186
466 605
16 660
129 939
719 634
940 373
579 463
318 289
122 686
727 95
414 852
879 128
176 619
277 413
351 315
346 766
71 459
414 999
368 689
777 161
150 941
393 168
693 125
622 77
787 295
407 475
506 402
622 60
159 966
381 850
130 956
402 185
373 674
555 848
586 503
730 357
53 496
146 178
403 737
153 758
740 286
796 24
728 382
89 388
473 869
535 701
611 11
317 172
943 72
583 81
970 150
471 967
117 463
500 505
100 659
598 374
253 671
397 165
753 767
202 79
575 829
313 942
244 966
790 142
434 938
398 753
628 620
629 469
669 77
811 23
375 145
410 131
999 199
838 67
70 217
555 955
964 466
629 70
904 549
102 206
250 565
953 644
739 911
720 905
968 533
754 965
392 948
482 640
379 804
72 156
957 913
28 907
68 232
340 917
966 705
825 563
205 540
242 679
876 726
254 838
885 544
634 992
732 437
882 486
152 417
160 636
569 272
432 504
57 484
590 190
542 61
658 308
102 628
961 717
574 658
40 736
720 130
886 563
947 685
721 360
816 516
359 998
394 742
632 721
575 482
498 562
652 829
891 969
745 456
700 529
995 119
217 219
734 272
292 259
113 474
689 657
446 524
30 847
397 120
662 716
857 788
144 153
382 793
703 270
852 596
780 270
396 7
22 73
371 473
767 31
434 801
383 262
184 968
701 893
461 760
23 849
429 90
931 1000
495 809
318 978
376 159
49 79
568 797
115 250
138 271
382 704
172 34
868 628
6 815
860 215
493 474
258 535
280 67
543 450
46 622
414 242
181 141
955 442
918 546
513 900
642 544
171 579
259 860
834 728
356 52
600 938
513 821
271 45
110 127
113 453
579 20
104 180
964 474
177 824
293 694
366 340
575 32
62 77
946 736
708 967
711 416
307 870
513 727
753 234
938 76
260 80
388 45
742 674
878 354
477 603
21 857
597 314
340 835
613 544
159 962
13 874
674 396
109 769
22 920
761 434
482 149
999 984
377 441
430 429
362 431
697 622
97 842
539 159
631 781
373 45
958 906
479 620
586 414
970 49
314 573
848 669
524 856
581 409
28 527
856 184
516 500
573 229
421 584
81 751
323 566
322 927
533 599
444 430
562 201
862 684
918 130
849 213
819 635
34 257
197 819
225 723
543 128
690 756
349 134
767 998
971 945
509 978
811 871
314 224
775 45
157 374
356 821
140 612
713 318
642 994
883 74
918 607
416 264
696 615
751 195
593 161
924 527
337 995
764 846
856 230
949 236
53 39
346 83
864 924
257 930
315 980
119 298
357 369
346 962
755 290
369 419
869 278
88 565
952 414
906 499
302 728
229 536
527 481
730 31
734 575
277 934
763 594
764 498
606 501
588 514
908 607
161 36
326 332
420 769
667 256
728 274
198 138
957 87
596 265
62 421
445 291
339 800
839 151
83 295
486 864
623 893
221 461
24 951
156 600
948 684
459 222
936 236
719 227
331 738
832 909
67 904
13 338
435 640
314 819
434 632
788 543
984 27
232 615
825 534
54 928
665 361
168 547
996 617
667 539
270 760
452 251
769 47
951 195
555 538
573 717
902 269
225 551
63 771
798 178
177 644
529 687
592 549
366 208
100 260
751 231
470 471
525 475
601 650
206 322
103 736
806 587
545 467
220 778
238 232
351 331
835 374
51 391
768 301
365 27
293 334
194 389
947 705
968 676
695 819
541 169
688 547
490 911
127 502
922 560
304 839
217 254
326 424
293 49
296 235
630 378
244 545
687 993
134 803
877 307
383 190
717 650
356 870
469 577
11 126
539 483
867 370
818 946
748 439
567 621
381 788
697 791
730 145
693 951
766 727
244 229
170 768
603 854
505 759
568 915
897 803
383 754
496 990
651 508
961 676
823 218
112 654
738 590
956 505
229 297
656 485
140 718
159 178
219 847
236 807
243 69
194 515
140 605
810 178
896 323
186 495
194 946
600 689
609 677
64 894
319 30
251 700
87 18
713 583
864 981
557 334
523 194
90 101
350 563
426 99
262 136
618 735
889 612
952 487
392 190
90 391
516 96
534 800
901 99
13 611
477 630
647 912
942 992
959 898
715 230
826 853
188 382
5 336
999 550
322 500
929 580
415 561
400 278
843 58
607 45
990 959
386 857
649 837
715 45
155 28
526 61
624 939
808 290
532 947
580 791
667 121
236 655
463 123
374 674
925 850
529 170
269 782
608 526
553 131
866 842
460 959
67 947
448 863
784 985
602 880
382 248
559 258
192 340
434 689
59 36
775 810
634 688
746 918
267 19
966 659
73 320
845 546
956 413
225 397
873 297
410 553
237 690
92 219
685 74
577 833
742 5
854 963
450 413
430 671
659 723
950 86
112 904
59 883
6 158
778 368
671 152
977 109
418 238
969 272
276 240
389 447
307 730
487 888
126 465
312 196
829 865
189 953
599 91
752 882
920 818
355 887
884 677
679 112
682 788
97 189
833 384
173 927
63 287
284 472
859 340
364 782
286 732
807 908
636 162
178 966
536 992
787 323
852 634
531 167
915 324
330 876
801 771
944 631
304 783
898 888
485 956
605 719
293 201
279 42
445 286
691 474
451 833
912 477
269 80
536 166
213 554
373 44
448 157
373 366
227 555
653 59
140 82
912 251
376 662
984 317
363 605
244 174
373 334
671 683
858 942
322 924
898 85
572 60
828 406
25 423
907 513
999 415
824 993
749 884
555 787
132 992
519 756
738 630
443 350
228 984
284 858
893 986
90 537
552 750
974 5
243 61
542 969
564 769
600 762
195 190
180 522
915 601
885 743
450 272
586 644
573 906
150 677
873 176
437 391
313 137
21 696
629 659
66 339
817 553
215 886
697 243
955 679
25 686
281 852
502 710
786 971
441 670
308 417
122 989
692 417
431 319
291 43
74 600
327 126
397 332
571 897
164 553
520 449
49 927
29 385
770 497
736 959
75 207
478 24
425 940
709 900
585 654
394 913
319 409
956 803
155 196
72 678
69 732
519 788
540 209
1000 822
513 827
250 180
648 200
480 202
64 393
880 811
843 433
535 95
420 906
258 408
405 487
983 542
422 810
375 564
25 44
154 840
598 903
158 880
766 485
928 794
746 113
966 618
936 553
542 805
394 61
677 962
815 302
966 901
73 634
440 339
21 506
684 78
833 780
372 546
409 600
964 238
260 133
368 981
647 491
240 508
100 404
797 564
980 912
214 372
911 278
933 714
552 887
972 800
647 376
66 439
449 293
655 797
935 61
21 589
359 879
52 117
700 809
65 230
318 144
364 854
181 696
460 321
611 676
483 251
212 738
269 293
142 13
18 103
847 968
207 553
869 636
374 10
302 471
568 489
794 710
975 12
278 332
230 597
30 849
749 359
864 957
900 383
852 144
190 539
586 324
914 335
995 788
789 90
205 794
978 538
960 49
524 658
373 228
785 186
608 611
625 443
311 338
41 858
481 131
176 767
822 602
681 266
168 339
922 100
724 168
675 356
838 208
344 564
418 775
349 317
810 817
975 25
390 353
157 618
505 615
415 182
170 569
737 156
166 940
391 73
894 90
608 943
875 635
107 533
188 560
73 645
772 895
901 541
120 49
388 608
962 541
936 660
828 898
189 652
997 53
335 690
8 564
732 294
698 498
345 295
787 312
971 567
579 58
449 257
835 958
327 288
311 959
113 924
4 837
298 38
898 692
394 533
52 73
496 194
173 860
377 321
549 641
326 378
570 748
94 230
169 205
478 65
708 771
307 91
571 806
734 200
662 595
240 86
922 644
109 940
437 853
856 47
340 384
952 514
883 790
187 287
151 440
965 772
89 561
629 439
922 969
273 737
433 12
419 113
918 117
576 92
980 310
230 445
50 783
533 930
663 430
750 72
538 8
135 138
339 279
602 189
839 674
879 657
220 18
202 549
766 61
966 547
471 131
71 965
461 937
813 148
267 240
868 503
324 487
147 422
864 148
741 370
941 368
104 777
622 463
15 743
862 541
57 405
219 928
928 376
698 406
845 101
669 279
413 473
90 70
118 513
581 151
595 755
941 931
156 381
123 242
146 327
826 421
973 274
647 721
894 166
503 199
964 619
126 902
787 50
695 709
844 1
421 208
319 753
952 226
899 957
496 238
450 659
294 768
558 717
765 867
930 792
736 771
153 24
386 826
459 720
153 605
736 754
923 254
598 940
709 705
732 614
188 208
524 858
909 144
364 497
923 284
317 549
361 653
935 865
990 468
258 437
816 503
121 269
747 193
620 849
864 483
63 523
351 128
736 173
845 965
231 726
695 71
474 377
23 714
214 918
12 601
999 598
627 162
920 194
154 646
11 275
506 953
508 31
401 691
205 217
336 392
651 963
121 826
655 907
927 918
109 381
181 16
110 174
510 708
776 996
765 338
70 781
135 419
933 678
890 517
428 734
115 39
109 415
972 995
935 233
521 141
100 166
138 583
801 141
86 113
35 993
108 729
221 918
772 282
100 821
243 245
160 98
839 482
58 886
518 701
122 188
32 172
711 164
568 462
596 420
852 782
486 516
108 14
291 566
493 580
77 177
905 490
337 99
142 451
865 510
334 619
601 292
433 362
839 806
86 678
328 606
735 849
322 591
244 796
444 366
981 433
661 995
342 650
282 480
430 792
32 711
92 463
366 666
992 197
274 892
935 922
336 552
978 123
673 751
763 967
219 869
457 952
617 858
230 167
231 762
58 28
76 921
161 769
410 657
394 58
215 70
418 314
73 633
368 839
594 461
447 51
584 75
289 945
408 688
590 161
684 222
6 502
742 812
636 295
229 247
56 787
627 476
475 859
114 57
189 585
261 204
134 330
543 698
322 42
582 852
787 396
698 305
661 427
76 253
831 127
69 900
894 981
91 920
475 633
61 736
839 305
60 849
894 534
865 862
593 335
964 818
984 362
187 935
189 13
571 797
53 622
368 112
574 128
649 815
136 374
265 598
553 395
614 812
598 373
345 365
814 333
562 474
406 795
503 864
344 791
130 110
3 132
352 290
904 601
407 894
509 340
664 677
936 202
554 537
615 944
619 53
196 258
433 112
658 619
145 580
685 322
244 22
358 884
283 978
909 954
254 107
291 511
148 348
955 68
781 864
991 770
337 365
409 872
263 125
357 866
563 523
609 473
556 320
133 529
996 527
357 243
529 760
676 28
417 294
626 572
219 254
827 511
392 612
724 621
945 840
224 647
561 824
107 818
200 400
830 130
293 957
405 559
603 50
971 566
220 994
919 846
976 128
775 426
320 740
66 408
893 453
475 724
360 884
532 348
282 510
373 530
891 93
492 128
481 625
78 781
455 413
113 334
888 820
795 768
644 920
227 450
49 934
781 493
765 862
455 306
740 652
834 345
14 662
602 685
472 394
810 478
818 965
490 954
840 661
658 794
687 255
921 500
973 915
83 481
528 306
47 378
468 301
143 791
830 759
407 642
780 408
802 672
784 987
822 551
827 863
790 65
866 827
79 58
236 615
664 560
899 331
115 846
760 153
909 574
245 735
11 955
728 402
41 736
903 128
7 463
12 295
768 653
384 134
256 362
104 763
536 564
419 396
817 140
385 364
918 950
685 985
137 707
328 906
33 274
604 175
565 485
440 268
14 378
152 384
794 627
100 478
979 565
485 260
640 149
897 378
385 526
388 891
775 377
723 665
871 720
661 370
678 735
56 186
946 671
957 242
530 478
605 954
395 722
570 943
739 812
189 339
62 195
190 916
856 720
798 727
303 223
195 574
126 790
184 333
39 753
795 895
156 947
711 195
48 768
398 880
769 876
829 404
246 14
250 69
154 271
688 971
819 19
767 329
538 425
478 348
463 168
525 157
411 261
13 73
252 889
457 71
443 916
295 234
619 223
91 564
567 599
883 610
900 598
371 438
525 127
429 42
927 319
178 362
641 578
71 757
519 609
894 177
287 45
860 392
537 258
702 964
81 910
744 459
102 100
584 601
140 769
913 519
220 503
426 594
513 680
750 579
53 826
904 827
437 117
3 664
723 265
720 383
905 582
513 219
149 814
645 454
77 188
259 151
673 925
46 905
212 112
901 741
526 754
437 389
510 709
647 278
560 440
658 868
157 6
379 154
170 963
617 330
835 159
200 646
511 542
440 245
977 946
320 603
194 444
765 444
539 560
796 385
504 663
873 754
606 504
972 194
320 377
104 448
32 173
145 130
57 590
44 912
341 57
566 360
341 270
35 687
728 790
335 288
670 811
770 953
992 521
633 777
358 936
407 996
984 477
583 143
514 434
405 259
903 516
316 418
746 699
543 322
434 789
589 863
662 981
978 342
279 415
961 556
582 92
486 65
624 290
755 568
810 859
760 354
172 304
409 994
886 558
620 950
125 368
573 488
22 342
775 876
478 884
689 235
672 775
401 995
714 432
817 143
124 703
486 306
987 379
110 510
976 1000
458 620
634 968
875 659
620 747
785 826
441 252
465 134
319 231
419 725
43 225
634 363
566 223
570 146
77 898
138 774
892 9
363 733
932 876
556 816
722 584
815 613
780 955
983 275
258 320
907 951
695 722
15 146
933 955
916 591
187 841
846 648
631 178
134 516
818 621
859 633
359 591
861 649
437 605
701 288
630 462
28 890
850 195
672 409
891 783
710 449
507 518
932 68
257 709
75 890
169 843
296 125
14 829
219 829
575 503
752 38
311 319
352 692
724 468
46 184
981 483
567 622
420 405
149 689
726 97
309 670
802 669
710 114
862 329
408 484
210 976
909 808
306 511
605 249
628 270
7 341
15 894
958 16
20 672
598 929
319 464
36 394
102 514
524 167
233 60
141 753
515 393
517 698
693 568
93 728
884 197
444 806
980 720
189 650
635 678
617 87
985 987
305 532
881 730
256 131
275 417
955 515
884 411
578 602
545 259
864 583
49 977
425 413
25 763
303 484
394 384
161 395
697 41
592 945
582 467
136 215
7 588
191 307
397 688
808 745
146 496
43 888
617 403
658 343
472 254
492 129
331 5
313 530
152 912
191 529
393 426
327 209
776 101
635 448
1000 707
235 830
531 253
326 395
734 276
292 271
75 137
222 72
114 625
408 772
904 905
892 576
913 77
607 191
406 386
50 88
87 64
340 497
883 649
727 361
79 916
575 819
93 120
371 330
267 391
380 516
111 660
311 86
860 317
159 2
586 826
168 623
477 507
824 460
720 663
42 684
21 94
172 30
251 639
286 18
414 103
162 4
110 438
850 921
997 966
279 907
820 577
220 673
976 847
859 553
727 146
431 593
785 915
647 301
123 303
894 708
539 777
561 517
359 800
30 320
638 565
993 557
742 727
566 430
52 47
803 849
53 274
436 142
365 224
953 947
389 880
997 491
856 721
801 336
839 504
17 321
474 633
792 525
556 542
209 294
219 699
914 96
42 280
484 1000
374 112
411 230
359 740
257 668
947 496
866 152
683 562
743 578
725 211
861 915
553 450
921 550
114 996
978 593
634 31
29 14
150 2
340 422
70 123
884 603
667 247
154 46
780 302
853 736
13 473
948 724
682 12
426 942
117 165
799 355
465 733
62 969
799 240
196 347
968 308
495 841
516 650
399 865
300 169
970 753
366 990
827 88
21 1
41 707
318 605
525 689
562 56
119 659
949 982
213 450
401 800
440 698
214 508
289 939
660 142
73 556
774 114
831 359
122 663
121 824
358 575
378 300
509 673
246 572
968 942
271 13
842 971
367 948
164 679
670 221
339 347
892 85
237 23
489 990
915 22
989 921
337 530
122 984
164 709
991 144
208 769
751 949
276 698
260 199
527 131
35 705
786 123
578 562
421 468
4 204
614 951
423 650
721 429
600 423
952 990
607 102
809 59
863 136
957 83
120 582
692 992
343 884
895 827
830 594
814 311
600 127
225 379
14 703
309 821
861 872
273 263
351 602
444 360
895 25
454 337
187 438
760 500
616 888
46 127
139 299
547 438
433 74
948 863
239 394
614 322
634 644
35 123
954 271
991 808
922 289
64 729
746 920
249 595
529 897
987 461
970 533
610 920
426 567
687 865
375 632
987 378
793 165
885 599
281 505
431 811
430 730
980 812
293 903
152 505
651 993
449 649
986 464
110 72
77 897
261 202
284 381
358 938
769 751
163 680
646 183
833 476
850 530
707 423
377 584
294 29
723 287
902 988
706 245
372 993
508 154
632 789
291 538
504 692
387 40
30 954
515 534
625 792
735 672
904 31
865 609
905 298
415 755
878 649
717 565
299 996
231 273
40 212
667 401
874 567
844 527
350 320
260 616
580 869
415 268
985 914
719 338
496 756
575 798
947 351
110 863
917 699
117 157
231 933
32 741
115 884
866 644
723 117
120 30
214 888
145 971
561 224
390 503
708 374
447 738
638 243
965 353
567 45
533 877
326 677
590 886
993 888
353 537
266 176
395 284
125 117
96 357
651 593
597 207
7 139
390 17
855 455
949 782
343 19
552 568
519 108
997 50
121 775
582 660
159 621
391 5
493 275
20 229
876 48
663 845
157 92
327 652
972 839
96 562
812 280
794 831
657 729
711 554
919 697
687 589
156 139
215 680
754 154
133 245
227 230
449 32
859 160
645 106
665 804
958 483
855 617
161 581
933 815
644 150
522 630
27 188
635 451
185 401
766 827
51 50
587 420
1 793
735 100
352 627
26 508
923 102
728 938
448 6
140 324
514 601
914 287
30 262
421 381
173 396
246 194
268 480
734 55
420 59
393 124
250 368
88 331
452 724
831 936
226 489
581 305
606 924
75 724
707 743
559 270
44 421
953 683
239 450
679 929
774 587
79 181
651 284
559 767
193 818
55 428
148 370
422 881
595 203
907 199
429 375
784 266
966 550
35 757
23 856
435 922
955 211
375 544
12 432
659 727
972 566
119 575
564 728
926 451
785 769
833 401
717 454
703 823
79 444
955 558
669 276
30 310
808 936
152 575
75 479
815 687
726 350
445 134
458 624
77 730
136 244
172 754
30 720
717 778
576 674
703 203
711 300
919 419
939 417
29 441
296 280
204 897
667 315
890 160
736 774
905 499
688 973
283 419
490 741
640 864
435 284
866 8
848 515
297 259
226 171
562 273
856 14
767 472
734 19
112 270
386 91
957 272
83 511
283 705
69 176
1 206
884 715
510 264
549 375
182 352
420 317
719 187
927 462
914 711
737 104
461 872
797 974
998 81
486 133
750 982
896 417
935 576
148 278
278 657
618 204
871 818
231 723
625 908
440 716
719 846
704 573
851 318
466 992
802 134
31 328
968 98
987 142
238 260
884 318
355 552
211 972
76 502
78 284
707 172
397 900
258 790
163 655
293 708
904 439
610 864
280 497
890 512
686 825
484 881
30 701
954 625
479 62
514 989
952 18
716 27
294 65
976 360
117 546
644 39
136 127
134 542
818 583
368 144
471 955
130 581
811 326
325 180
415 612
184 474
207 454
388 300
31 660
322 568
469 455
17 78
689 480
588 771
662 542
131 194
500 483
499 941
179 206
986 706
537 177
163 322
435 489
884 696
775 571
283 685
219 555
405 370
597 654
303 535
417 588
789 476
476 41
197 740
153 329
245 740
571 705
728 706
451 381
548 85
434 629
992 183
244 428
769 177
148 298
385 136
741 725
211 650
614 737
883 188
756 438
261 390
416 507
103 569
876 895
578 965
405 935
251 663
160 934
355 725
462 731
160 965
693 165
734 851
789 882
591 570
351 289
122 539
858 151
290 715
994 599
834 705
967 576
855 870
218 153
455 148
332 417
133 144
155 376
144 759
768 465
532 298
881 120
458 283
421 149
554 909
985 42
458 362
187 952
481 731
762 828
179 12
640 522
787 695
352 616
207 474
977 719
942 683
174 785
86 493
184 613
335 262
480 247
526 469
32 937
516 171
840 715
839 775
842 57
719 349
667 190
5 827
926 921
28 588
922 63
292 169
210 974
144 480
330 503
799 203
289 534
917 412
97 305
372 253
176 928
504 301
965 352
492 906
383 991
738 570
244 311
689 102
410 577
345 664
297 592
37 814
367 43
831 472
444 800
410 752
859 377
134 11
599 161
575 345
823 661
792 119
621 297
336 83
564 539
927 619
660 54
975 895
51 633
809 679
886 565
86 77
824 166
829 683
521 202
742 696
565 145
731 649
824 21
146 1
735 321
627 584
597 288
786 49
396 726
425 95
777 306
766 824
804 605
52 794
145 72
678 114
165 5
870 219
406 273
302 358
269 39
715 507
26 364
636 607
847 383
633 967
931 688
827 995
596 44
724 89
605 170
747 291
827 848
24 611
709 412
214 810
625 645
990 399
334 499
462 36
335 862
905 995
233 252
784 252
422 886
546 410
877 845
767 968
993 923
781 421
465 34
104 766
525 540
216 984
315 736
300 372
618 395
157 285
752 905
180 674
306 805
327 589
708 414
96 497
974 460
902 89
996 268
67 16
233 824
640 104
234 515
508 102
860 499
243 499
877 656
52 780
129 518
209 336
526 567
711 521
124 165
136 245
568 216
859 427
695 886
528 853
887 322
982 262
734 359
368 44
795 225
864 972
912 579
328 780
255 465
917 830
778 201
80 527
462 374
873 165
252 773
516 220
495 663
386 937
528 518
633 882
549 20
507 689
202 385
184 652
774 891
712 77
283 704
748 500
537 741
905 829
547 412
675 339
970 797
644 606
426 831
444 420
519 824
73 406
1 337
718 454
56 918
177 432
767 799
880 625
954 216
438 57
135 123
587 773
585 412
750 582
197 974
789 10
480 734
214 387
676 700
533 21
682 689
827 312
517 594
663 918
646 943
288 123
392 398
284 740
233 788
821 443
54 319
642 542
772 593
20 158
518 117
70 354
48 751
765 366
858 176
659 321
533 344
536 180
366 395
749 304
484 882
468 607
530 430
639 289
790 900
20 508
540 763
137 184
527 495
566 387
780 315
17 403
325 596
252 724
350 185
23 269
795 860
354 164
355 819
28 165
914 66
562 720
657 236
397 41
386 794
558 604
286 867
400 226
593 803
577 422
979 374
871 316
156 551
838 801
478 624
18 704
148 759
819 369
496 714
637 991
990 293
867 570
488 729
748 367
508 516
953 881
456 439
168 267
392 927
613 796
895 377
755 682
576 311
229 319
770 363
457 956
335 903
963 358
286 217
62 825
573 349
241 626
258 550
632 125
98 809
870 395
802 171
782 360
220 756
862 831
140 995
993 572
578 962
682 548
111 130
367 244
963 21
432 603
696 760
327 682
590 212
29 60
639 989
233 641
808 865
309 220
437 279
385 740
575 17
798 880
450 898
472 886
626 43
863 298
354 358
320 442
360 939
415 805
436 320
593 323
497 374
460 382
958 453
190 851
781 628
695 958
635 57
84 289
891 915
875 502
86 371
269 177
137 236
420 803
459 783
388 257
299 998
985 203
507 539
222 226
244 606
62 587
202 567
451 796
771 443
883 769
204 791
496 359
297 346
876 250
783 606
932 164
787 667
35 418
419 320
775 542
157 835
508 697
699 256
81 553
723 134
26 90
317 617
818 142
379 844
359 242
832 798
137 888
45 31
269 684
512 924
604 306
396 719
474 539
760 240
85 899
49 181
599 405
93 676
223 885
393 672
358 264
585 340
46 597
485 155
140 554
966 986
497 837
699 137
650 491
389 325
16 759
477 709
203 567
935 510
594 316
545 256
449 363
232 5
324 573
534 984
759 651
831 14
155 569
618 729
468 544
603 193
511 578
682 826
849 383
33 182
87 511
628 817
392 51
749 147
919 409
282 590
49 841
30 916
89 120
882 647
912 409
122 440
299 949
1000 710
827 663
610 797
312 584
31 623
378 969
588 822
714 815
273 163
607 184
476 430
830 921
47 401
782 860
457 431
352 339
449 551
573 828
514 377
254 350
952 758
59 654
794 153
80 977
799 392
303 601
741 953
188 815
743 31
728 780
23 625
279 427
809 461
224 123
157 585
497 694
667 552
874 124
124 627
768 641
186 26
278 634
197 634
102 476
935 700
225 609
688 71
82 298
907 423
780 943
33 278
777 773
581 661
180 288
608 285
780 375
275 446
739 741
851 755
746 487
394 464
802 437
696 688
53 125
915 142
574 768
983 675
9 72
941 815
56 45
113 12
900 248
226 869
99 497
870 977
462 861
691 661
85 174
324 838
437 609
114 686
817 963
584 978
922 992
705 272
892 837
305 604
750 497
679 434
701 214
173 605
981 326
678 456
24 819
757 815
761 292
639 187
373 54
410 32
178 4
681 427
921 468
973 947
188 237
979 202
581 386
47 282
657 434
18 585
576 14
461 516
631 552
84 797
158 636
788 915
934 689
576 445
814 107
304 321
283 993
234 17
543 248
766 68
917 467
24 286
477 223
656 291
474 322
737 328
615 299
157 335
585 364
713 290
628 150
974 446
280 166
725 892
414 950
234 469
471 384
823 687
738 965
703 853
599 900
655 918
275 474
976 189
849 65
742 916
753 429
436 79
973 160
976 76
208 998
318 111
821 92
463 679
194 440
587 691
215 594
204 193
777 111
709 876
218 421
806 226
27 201
839 110
757 993
540 9
796 163
732 202
117 499
74 646
126 611
550 449
623 789
183 744
792 902
525 376
889 100
598 588
250 438
876 294
326 771
540 737
719 232
707 540
173 244
491 434
654 637
865 76
810 839
824 899
567 853
462 29
121 413
250 763
309 758
519 359
760 188
825 585
693 528
36 481
827 470
7 160
543 498
950 16
509 864
342 944
811 826
349 919
711 797
802 27
452 384
254 524
203 522
574 623
439 650
116 565
890 832
693 163
154 567
481 797
712 355
750 415
901 487
351 432
924 776
691 559
986 241
15 105
588 157
754 117
458 438
898 955
683 179
521 172
742 658
47 952
548 943
753 171
644 302
759 117
355 147
645 132
957 146
283 79
636 855
710 426
53 692
916 937
350 37
133 449
529 260
815 69
619 893
173 276
641 883
584 15
37 182
649 524
563 82
800 416
235 5
808 107
537 563
476 233
187 358
353 82
465 632
83 441
983 730
827 822
849 658
650 965
531 605
746 810
895 399
718 396
645 890
28 339
444 621
932 918
591 55
921 95
775 844
724 916
375 680
515 403
292 536
396 865
819 809
91 398
55 363
183 753
405 840
137 682
854 553
581 815
216 877
254 985
111 48
37 957
304 529
314 502
559 792
820 536
786 728
470 145
287 549
775 272
565 844
282 34
273 580
932 829
789 660
80 74
516 75
461 451
872 54
526 601
983 322
398 531
130 886
882 83
601 905
706 519
803 953
783 594
20 437
919 555
463 671
9 956
817 853
431 509
325 666
113 240
441 585
26 729
711 218
749 35
252 541
201 533
255 686
458 140
350 118
102 124
389 570
356 547
271 35
359 764
477 898
53 81
657 68
303 471
568 745
18 606
934 936
519 858
153 869
524 684
762 163
287 278
658 934
143 786
629 433
50 143
101 712
173 171
799 395
214 953
699 303
997 526
275 110
435 705
789 274
887 799
380 631
732 220
309 701
898 362
188 526
945 909
106 387
552 761
902 317
426 522
450 404
693 584
620 664
294 98
723 169
737 412
349 942
371 906
924 652
876 833
807 321
314 310
595 923
229 185
904 853
547 796
569 308
551 892
756 654
629 696
578 698
760 713
393 14
79 365
142 659
808 939
298 117
68 543
307 961
694 767
467 647
327 403
240 315
493 935
960 516
505 917
873 537
714 543
513 600
218 462
330 772
193 4
670 534
434 294
60 529
423 738
305 595
674 700
400 662
936 331
188 392
16 281
865 468
520 153
350 396
836 868
321 666
397 229
456 703
623 865
921 475
973 946
867 435
170 929
407 347
123 899
678 457
442 353
79 116
904 534
920 636
999 7
453 175
606 895
75 757
115 896
840 483
125 359
567 880
186 221
439 253
81 897
44 275
64 753
429 455
3 99
32 140
757 275
140 741
816 203
118 138
694 236
223 777
440 719
202 978
955 240
271 637
44 49
816 90
85 811
341 657
383 821
57 330
850 889
561 234
500 514
428 295
466 622
569 528
107 864
950 420
958 915
722 53
232 207
160 956
638 891
949 244
678 530
695 400
357 377
87 320
725 718
773 717
488 375
170 723
754 78
353 593
930 485
146 52
186 853
597 373
321 58
998 988
477 695
283 98
24 72
791 778
711 51
130 354
458 87
938 733
796 211
816 1
840 835
836 663
191 749
1000 829
909 93
573 144
352 284
362 173
288 728
536 606
519 563
336 768
705 393
870 845
136 924
680 217
26 287
614 326
136 875
874 147
361 508
773 445
490 152
326 546
202 532
955 62
918 166
277 38
64 733
817 49
818 458
183 220
223 787
318 637
580 336
157 417
949 901
767 898
124 337
336 332
172 226
48 464
358 765
58 137
673 956
105 146
819 438
822 223
751 239
647 480
891 504
85 545
233 758
864 944
647 369
855 242
573 118
553 928
755 262
630 694
61 649
902 833
33 168
977 163
420 760
592 89
61 762
833 321
655 56
126 960
77 624
812 997
874 910
770 709
921 855
818 761
243 918
762 938
339 855
156 871
359 296
285 645
126 525
456 537
164 298
383 166
361 707
611 131
978 898
575 548
662 680
221 440
188 39
637 880
156 517
676 348
550 381
93 254
168 7
853 676
486 919
3 316
455 904
734 718
984 732
639 36
966 284
880 989
700 168
3 424
480 459
154 772
270 898
343 344
954 303
438 116
421 874
261 709
449 813
158 855
487 537
769 146
845 903
569 573
733 882
393 823
525 582
183 454
722 372
137 314
870 260
780 532
986 257
16 745
845 122
167 82
243 280
296 705
467 908
873 881
821 497
53 103
471 312
649 288
744 226
896 5
156 272
449 282
584 331
12 972
696 773
324 590
644 493
682 824
631 335
172 522
375 13
289 290
623 283
609 889
356 462
854 69
378 130
937 287
166 123
117 743
578 27
669 880
933 811
8 244
990 895
329 440
274 363
576 919
580 935
191 754
179 154
398 952
662 709
204 639
744 604
84 37
566 949
398 555
796 906
116 94
808 72
866 834
336 825
207 78
157 805
893 635
912 38
680 2
37 395
554 743
687 562
576 83
614 447
232 649
923 599
858 756
688 742
605 73
702 957
831 539
324 95
54 96
291 366
372 323
383 960
490 970
774 389
244 656
888 158
198 725
479 915
426 301
980 864
858 296
90 222
841 574
91 139
297 498
998 231
6 432
431 717
109 291
626 143
880 749
592 771
427 282
383 906
582 918
803 967
591 876
877 943
66 901
131 447
26 651
578 460
264 28
947 769
94 314
296 397
812 941
235 640
880 379
308 764
94 973
563 382
269 247
198 167
94 84
866 149
833 803
767 375
568 279
205 842
597 916
965 848
568 646
363 147
551 87
317 973
853 747
71 610
936 249
165 745
830 661
546 872
193 752
586 121
913 33
155 168
240 565
150 134
37 560
27 427
98 574
686 167
763 816
499 242
162 323
128 863
48 355
21 330
427 813
332 614
59 806
43 477
279 172
64 912
284 961
211 611
751 357
864 183
556 149
205 65
405 911
779 190
929 269
556 36
884 425
560 47
836 308
711 712
648 690
421 704
958 867
176 439
336 78
683 56
267 541
717 776
378 472
765 732
603 225
217 862
497 510
543 767
209 450
377 252
479 787
125 750
916 689
556 616
249 478
411 955
950 912
312 804
611 392
598 134
526 163
71 2
791 773
785 376
950 840
607 109
844 657
207 371
64 227
338 510
974 67
231 329
783 470
143 951
939 924
23 93
559 127
857 859
589 968
273 506
439 397
23 178
583 282
399 803
718 519
26 69
68 556
597 650
727 719
233 415
505 738
801 925
162 645
93 955
365 950
921 208
422 458
878 117
546 767
432 387
470 719
568 879
163 53
850 169
7 508
125 507
327 867
411 871
910 870
358 355
125 108
128 170
295 278
298 758
119 626
195 130
234 420
309 406
772 786
112 968
712 135
640 164
590 168
261 164
321 473
363 834
411 712
861 116
532 208
5 48
483 975
744 22
601 947
342 147
329 720
872 248
246 319
392 26
341 89
237 472
187 847
395 5
522 716
597 264
827 227
943 380
229 692
237 361
535 582
324 783
705 959
373 857
448 384
875 491
506 122
434 239
728 247
875 376
86 481
587 12
364 131
921 624
170 580
728 102
249 703
325 248
666 292
723 941
689 589
726 544
965 808
625 435
273 486
883 691
131 960
813 740
645 996
109 197
965 953
178 349
73 113
573 292
131 849
37 146
978 308
425 588
157 753
815 354
287 82
626 692
699 483
348 243
701 561
813 23
82 35
927 405
376 252
876 697
576 539
632 45
228 920
470 949
876 712
436 717
907 444
379 397
552 573
437 37
239 105
464 141
502 113
319 1
671 316
513 950
879 57
846 818
502 612
972 521
937 251
752 847
328 571
539 803
422 357
704 950
104 66
750 441
329 867
792 281
419 489
907 632
565 108
415 885
88 210
809 698
699 762
892 265
752 444
933 857
574 69
609 342
616 219
748 968
611 448
317 85
209 820
429 635
170 672
972 407
785 124
17 10
767 518
743 421
635 292
429 797
953 77
231 145
416 616
573 102
169 352
176 516
839 999
663 85
814 227
144 433
754 908
519 634
225 186
500 116
407 520
785 72
840 457
750 682
680 146
352 35
799 625
796 728
902 90
20 834
370 443
991 879
286 133
966 539
869 295
558 743
387 770
742 50
346 145
926 437
765 243
486 508
492 889
706 148
203 568
252 241
930 27
988 773
45 452
104 896
746 339
197 665
971 634
110 154
99 647
928 407
489 603
473 382
110 5
283 282
848 674
156 373
341 831
699 681
973 266
722 522
319 872
18 133
11 634
118 306
969 984
397 351
496 230
43 747
545 877
70 704
97 614
958 275
549 830
588 788
929 108
757 955
201 785
438 582
207 271
781 236
881 363
596 388
109 666
277 445
157 919
70 140
552 155
878 791
266 561
992 972
94 810
35 244
1000 272
455 851
538 197
704 229
427 526
814 110
598 769
491 903
42 875
109 361
272 253
284 828
23 837
941 426
662 792
891 213
121 736
59 662
737 2
941 332
57 348
466 620
215 43
56 912
129 836
212 787
999 107
73 935
55 627
581 519
394 499
68 750
788 167
494 320
21 560
80 20
484 894
177 850
660 857
117 956
652 921
392 127
428 869
13 593
730 229
754 223
238 820
611 314
612 193
170 444
800 987
952 134
930 891
539 422
575 300
437 735
545 777
88 972
141 523
327 151
478 1
808 340
535 259
27 1000
359 407
625 261
701 104
776 257
182 178
435 492
857 156
348 859
354 232
921 437
120 810
67 997
32 608
269 845
653 602
365 804
439 61
480 178
409 122
904 70
272 206
280 713
862 533
230 125
858 826
300 73
676 111
533 994
421 884
895 137
521 180
91 651
478 770
73 210
353 759
907 2
537 111
621 890
185 847
440 749
370 488
280 22
372 388
466 961
674 378
638 955
319 119
185 159
3 778
335 673
194 983
747 737
803 723
682 544
792 96
372 602
622 382
623 35
381 404
54 506
351 300
997 888
798 363
648 16
760 626
464 351
411 888
284 490
13 740
158 471
231 478
159 826
532 320
928 189
141 930
296 439
333 964
118 378
265 380
625 118
327 234
88 125
609 352
726 980
770 626
292 274
865 560
708 23
697 579
314 575
705 216
584 871
865 274
409 308
675 561
857 694
642 933
269 992
642 346
291 824
53 953
754 790
791 127
867 461
943 800
82 765
72 937
576 73
373 269
121 348
875 967
71 698
148 501
205 708
766 447
380 622
89 879
902 685
580 105
723 488
673 643
232 589
50 578
470 603
879 757
333 241
996 567
564 851
840 27
741 325
561 167
546 341
360 416
756 262
303 787
315 584
389 466
323 338
414 959
143 231
755 375
998 553
311 950
5 19
549 115
949 460
568 176
307 132
220 616
385 627
373 651
28 122
382 870
514 817
237 332
518 637
596 629
136 395
619 572
486 629
929 594
752 155
273 22
180 459
527 886
128 294
222 194
95 336
353 145
207 298
448 139
66 630
404 686
847 378
540 274
197 401
753 609
248 151
391 369
310 323
701 882
831 807
172 352
504 112
286 488
824 975
236 607
224 127
63 542
267 13
694 404
611 714
903 248
651 355
710 642
626 713
805 662
438 449
811 601
850 1
957 827
724 538
711 960
413 797
569 607
415 54
208 321
190 497
427 993
565 651
489 923
719 519
393 51
214 181
74 840
151 732
523 361
547 639
74 987
593 285
777 230
433 808
471 570
408 357
991 165
585 64
226 865
613 883
246 261
434 338
911 996
541 359
193 25
393 463
255 335
181 616
57 570
757 521
832 496
869 955
763 168
636 922
766 857
341 370
435 245
230 851
312 616
577 44
761 447
531 399
516 217
168 103
80 659
338 427
247 537
514 422
787 614
184 657
630 712
77 533
467 34
931 851
490 385
774 783
419 330
634 504
675 342
101 265
89 901
54 689
934 693
25 429
244 39
64 325
255 286
73 409
978 39
405 58
197 824
533 830
745 312
908 310
432 199
106 482
842 574
182 55
262 201
263 210
211 613
327 927
627 173
220 749
348 474
243 180
261 317
82 266
195 57
25 141
660 149
756 382
501 234
932 993
998 152
884 141
890 667
817 551
585 767
925 25
171 748
16 568
901 16
523 482
30 566
273 803
327 112
165 277
916 691
41 287
612 194
902 634
463 592
389 861
672 151
894 482
402 216
369 779
408 933
338 730
155 432
265 720
195 915
2 633
749 377
587 98
96 299
169 413
44 799
430 468
269 106
342 672
773 554
499 563
283 306
130 387
832 105
346 194
672 706
231 41
219 112
783 758
239 546
165 651
496 606
705 398
279 407
374 531
413 641
909 828
733 472
320 110
185 738
443 150
961 725
232 707
529 634
513 285
765 201
548 305
471 66
715 800
183 334
42 622
149 202
578 940
375 998
876 72
177 689
430 733
628 246
317 43
869 204
110 224
320 866
307 540
678 573
440 443
795 755
688 146
548 757
794 853
947 605
512 142
345 243
658 845
78 655
786 180
548 939
878 438
354 210
192 761
155 495
160 391
35 789
92 834
756 848
333 852
192 872
892 453
677 319
456 909
282 849
572 459
496 446
597 104
190 694
179 131
398 931
535 294
974 566
359 442
32 262
231 94
991 689
648 361
852 9
45 864
461 631
44 545
541 659
146 370
14 525
149 810
173 212
231 930
503 921
537 337
610 297
321 261
926 701
283 941
125 300
895 280
992 105
151 377
780 162
789 535
236 794
186 3
168 522
186 572
931 167
437 178
155 865
486 552
814 752
108 672
807 345
220 725
189 642
171 507
797 323
750 349
987 125
284 297
890 629
160 999
930 215
881 675
20 339
4 696
6 346
778 387
892 37
656 811
792 283
63 758
414 259
264 99
998 776
125 660
329 579
330 748
826 745
365 197
374 253
344 384
424 504
297 14
479 274
890 151
377 312
175 117
862 209
534 21
207 388
762 973
688 984
57 767
518 924
301 243
543 884
677 53
606 101
573 100
762 175
242 480
156 612
840 749
822 909
842 71
734 201
148 692
610 491
793 697
421 600
387 328
886 260
763 715
916 514
987 767
582 353
738 263
386 144
633 43
601 657
832 895
634 711
961 669
504 480
675 411
839 660
145 936
684 347
337 320
883 226
486 355
91 369
777 728
300 483
671 252
858 533
894 463
219 213
412 265
150 549
372 509
841 594
848 370
742 786
715 758
954 770
189 535
798 915
643 223
958 213
318 116
670 233
957 227
433 990
655 671
825 128
534 872
430 678
906 451
302 712
15 173
227 11
123 490
164 492
808 604
259 260
332 374
354 154
264 238
193 24
1000 664
178 844
985 100
624 740
643 426
403 549
830 860
613 596
482 54
249 289
359 284
530 8
507 617
93 400
386 816
64 154
586 307
605 629
795 5
136 713
191 864
141 139
179 872
808 152
455 559
784 929
13 465
362 181
54 519
348 992
554 567
586 619
166 689
996 948
465 580
656 991
453 171
185 709
293 971
281 90
250 625
168 118
814 598
331 482
461 865
816 368
232 631
853 955
124 573
50 952
219 787
702 860
663 718
41 715
922 324
429 340
897 2
898 509
888 209
879 413
846 78
603 484
284 627
731 154
424 800
513 924
266 341
234 609
787 269
551 796
675 620
368 563
310 906
594 257
959 11
781 791
485 432
915 177
61 609
647 670
246 679
462 992
303 420
289 382
650 31
919 766
218 319
311 878
493 903
702 69
761 655
869 764
174 546
178 993
753 19
238 933
299 662
192 781
815 287
787 822
57 597
973 671
156 799
378 923
913 124
752 164
820 957
277 765
629 387
747 792
156 654
767 276
490 704
606 146
735 970
334 625
282 212
468 255
141 175
292 45
395 840
757 191
26 209
120 812
174 73
965 962
948 688
739 920
648 514
714 469
559 719
727 697
693 889
486 201
969 225
135 196
837 442
234 129
281 336
815 626
150 626
816 122
546 335
530 968
73 615
147 345
534 583
739 723
258 834
544 963
525 768
697 171
401 550
312 135
63 729
744 138
45 62
307 908
686 948
783 929
318 12
342 150
759 465
790 873
114 273
905 112
65 243
122 772
618 897
245 705
485 694
942 976
13 964
568 5
878 294
645 143
31 90
26 625
227 7
66 846
675 836
1 821
577 122
429 933
940 813
809 31
368 442
856 94
892 676
16 357
263 209
522 717
205 783
973 997
653 999
947 310
892 328
889 11
173 322
413 755
909 206
469 695
618 252
405 415
927 510
72 826
813 111
684 737
278 886
337 458
524 122
529 980
162 279
41 754
467 485
907 211
308 278
529 613
736 111
275 605
538 989
522 486
499 251
980 618
195 210
638 74
229 387
439 854
336 300
651 39
632 48
717 474
599 986
581 699
552 226
695 423
703 872
742 966
449 365
410 925
712 309
604 995
845 455
922 409
649 292
81 282
621 242
835 177
30 365
845 344
255 631
844 16
238 771
613 861
553 674
290 968
731 949
591 938
351 177
338 784
657 908
195 989
749 30
146 139
735 223
458 137
155 156
443 567
482 19
585 260
231 428
303 35
288 344
311 628
792 728
677 163
130 294
22 888
446 904
340 395
947 229
18 755
404 680
62 760
266 649
504 148
714 11
127 514
738 149
634 482
157 801
619 122
852 140
50 179
524 481
455 872
222 909
945 166
214 813
361 943
241 833
77 475
633 155
693 689
254 141
275 520
284 699
459 679
286 136
435 994
385 201
388 696
6 251
387 775
275 389
727 327
738 119
144 152
38 680
702 643
559 842
102 803
30 28
587 833
972 701
241 397
4 639
284 671
600 776
677 848
552 939
882 142
538 578
247 256
680 991
637 152
216 620
270 329
458 745
954 754
938 287
756 570
602 998
704 917
748 762
933 536
146 442
20 487
114 454
479 194
890 615
748 521
51 459
678 804
809 667
991 167
151 956
582 799
464 500
874 947
433 703
454 791
915 483
649 179
779 692
249 439
835 600
393 461
471 796
294 831
151 130
812 824
706 471
191 653
529 310
952 971
790 575
937 25
350 486
888 969
890 27
782 915
35 522
519 804
313 896
5 602
339 312
526 404
876 169
142 413
938 260
952 553
22 109
925 778
214 928
308 828
850 415
616 773
690 52
766 283
896 667
435 691
534 141
21 587
563 827
945 194
853 969
638 337
895 322
189 441
883 394
556 476
742 499
335 827
196 467
785 554
54 977
59 181
898 331
728 524
512 713
486 268
824 715
254 824
115 82
25 894
368 751
439 527
133 736
299 248
104 848
995 346
696 628
567 307
849 42
868 786
445 575
791 702
46 774
927 923
340 978
21 716
26 934
109 93
341 879
56 241
953 101
875 906
315 848
937 498
265 107
547 541
46 18
290 558
644 417
935 226
4 768
702 251
407 453
467 678
928 148
268 909
485 657
716 19
8 410
256 529
385 947
705 806
759 111
541 216
946 520
838 634
786 188
436 282
829 349
302 455
907 867
982 293
913 226
416 838
80 595
597 82
256 739
691 405
658 182
436 818
296 139
321 40
109 238
601 384
362 500
274 574
205 874
403 798
888 596
61 262
941 118
936 960
139 580
925 893
140 155
589 964
625 395
809 220
460 408
734 134
942 83
64 523
253 832
469 771
720 923
480 36
334 387
277 115
301 74
451 357
92 113
493 773
969 946
949 543
570 356
770 354
646 721
690 653
91 440
7 158
483 681
394 33
107 946
310 885
333 44
63 135
599 817
525 942
983 86
822 208
419 735
479 983
215 953
534 567
494 240
323 264
553 939
806 471
20 296
79 424
61 644
243 545
236 72
707 883
712 504
553 564
990 515
517 145
350 866
298 217
961 271
360 358
768 425
881 112
95 647
739 878
195 817
835 387
527 121
910 115
733 227
353 424
762 836
264 167
473 887
202 159
347 858
666 526
743 556
431 170
476 449
807 575
921 628
919 144
944 819
9 582
196 960
162 848
666 288
369 736
459 197
487 80
269 797
879 818
889 741
396 936
137 572
83 447
126 355
399 771
76 908
858 412
549 311
334 415
638 361
451 321
234 83
434 529
145 962
187 203
46 642
853 882
567 36
988 31
755 828
452 394
758 689
768 820
432 129
125 12
117 401
189 815
300 599
963 216
370 196
138 206
447 88
276 848
858 271
65 515
694 890
952 261
470 217
592 796
494 140
454 690
480 874
264 775
172 624
1000 113
33 222
217 873
455 227
204 33
209 509
119 150
928 365
213 477
824 174
256 554
423 918
890 435
372 974
748 949
235 522
911 909
350 233
347 357
693 355
230 771
998 921
236 240
660 626
813 768
50 364
711 97
179 112
3 70
365 421
150 960
136 285
672 447
1000 604
748 234
605 623
52 657
572 344
22 889
834 479
782 807
386 76
739 326
44 624
596 197
135 587
373 204
139 396
356 926
986 84
567 580
221 8
266 536
153 792
413 726
732 948
922 57
326 845
984 269
166 794
686 29
727 755
510 137
521 918
760 164
447 696
425 316
177 396
505 527
291 388
935 599
599 554
559 363
747 511
159 133
881 769
186 37
189 962
46 521
414 109
381 134
737 406
828 971
522 362
689 267
487 798
422 731
560 56
29 987
487 879
807 204
76 346
901 263
14 243
11 449
327 363
73 792
916 324
403 107
54 858
726 343
379 120
273 683
274 132
80 187
281 11
90 720
748 522
472 821
180 238
218 345
97 664
722 665
852 536
911 993
218 456
899 937
331 219
136 475
778 534
636 806
29 432
415 907
610 841
22 571
264 720
454 960
675 799
838 556
420 866
866 174
829 26
580 896
84 215
412 734
567 650
143 570
369 735
578 34
728 34
399 933
715 364
700 408
960 117
779 523
616 759
402 128
672 697
435 517
952 665
349 87
207 41
837 162
254 460
182 377
311 31
33 911
96 208
427 659
196 476
292 975
132 868
495 192
760 47
524 146
943 680
745 293
664 821
496 486
225 533
499 178
599 703
765 147
853 818
441 237
115 450
100 278
372 467
465 151
449 522
447 3
603 425
237 939
343 388
459 846
522 145
82 664
618 358
60 859
264 880
360 153
656 998
937 559
668 393
40 831
639 950
590 482
351 490
221 749
228 359
255 301
857 369
288 52
381 863
995 223
902 633
892 333
565 209
434 373
161 683
666 952
450 608
433 555
273 66
743 523
584 836
537 830
865 409
937 116
406 465
961 878
818 817
984 57
288 496
861 973
525 614
726 537
875 177
895 178
418 530
899 65
283 676
379 971
585 868
767 116
93 5
187 448
210 995
325 434
58 351
809 509
645 783
889 300
148 846
248 420
841 44
129 504
832 697
279 630
564 980
546 619
306 560
769 136
250 254
861 290
595 138
297 947
392 741
220 663
46 726
784 331
219 238
168 672
764 898
72 476
110 372
955 387
573 816
668 856
826 156
159 40
872 434
564 520
836 277
431 531
507 393
671 699
842 898
669 211
82 527
322 62
485 466
33 49
414 982
308 125
290 704
510 895
847 330
481 903
977 890
595 695
925 506
892 115
15 118
20 408
453 744
378 360
985 384
623 370
78 829
445 6
854 162
268 513
752 484
679 269
81 456
204 883
957 171
904 9
208 630
273 46
750 489
960 352
557 962
909 409
553 503
365 593
685 551
494 783
609 959
231 360
178 116
58 942
258 188
499 528
451 661
734 208
30 356
3 240
136 559
727 889
677 663
948 662
111 532
934 609
637 620
969 50
737 62
538 57
816 427
580 547
736 242
704 336
667 580
63 631
29 547
980 517
831 626
478 517
137 578
29 724
135 769
141 742
686 883
254 881
578 911
996 386
85 749
633 52
608 265
96 605
498 97
119 371
360 66
432 639
363 805
548 645
592 797
539 806
160 226
262 759
891 267
271 79
185 266
62 64
501 544
195 673
749 250
401 290
220 788
683 148
901 85
260 99
333 531
541 238
726 42
894 844
541 159
688 765
374 240
322 343
549 692
290 918
550 215
41 485
776 16
321 917
231 430
190 898
285 754
901 768
218 535
402 430
795 141
465 802
505 97
162 770
643 337
737 670
476 422
667 119
634 14
377 31
433 349
827 909
439 323
723 844
74 699
726 577
213 626
396 54
953 983
516 263
558 894
37 667
736 432
321 351
776 571
746 777
837 94
875 935
960 648
73 481
148 405
689 223
67 735
598 873
858 766
793 73
615 174
908 270
471 150
76 742
314 674
153 347
245 965
285 302
202 776
462 382
300 365
985 915
717 508
938 507
389 417
467 961
263 392
86 789
167 685
219 500
609 588
756 661
683 924
522 77
426 166
450 32
768 197
53 69
988 544
77 895
601 637
539 691
833 402
952 806
14 195
622 20
614 944
365 213
425 128
726 54
514 894
74 697
576 914
916 522
296 371
4 155
136 476
622 886
970 511
881 136
754 406
243 935
363 218
491 417
683 773
369 591
49 591
891 704
130 264
520 128
960 455
943 134
801 681
309 806
269 7
18 725
476 313
494 950
832 1
979 210
126 297
607 442
809 375
439 468
775 606
31 254
894 329
76 981
248 38
534 114
828 283
637 645
28 851
582 270
556 365
974 289
908 286
879 297
537 40
650 329
267 779
361 180
811 982
613 334
171 439
524 497
363 975
80 874
167 899
510 700
211 839
289 17
502 539
319 115
744 145
981 716
176 429
255 811
533 367
863 680
829 520
25 696
669 127
707 436
393 188
492 286
238 846
462 790
65 167
416 122
346 759
529 14
369 190
983 487
431 434
865 702
114 714
668 223
246 503
963 525
468 949
201 726
308 734
828 691
582 885
213 871
145 15
293 159
204 558
154 375
249 918
193 283
162 842
248 501
546 932
346 428
325 159
453 106
90 56
644 773
577 302
101 696
704 73
177 152
433 246
857 396
54 742
143 856
311 205
685 448
633 119
657 295
919 657
234 821
576 401
70 399
608 802
861 432
20 656
681 570
704 373
883 566
124 178
547 129
751 417
275 578
681 587
314 36
133 544
225 455
44 125
769 56
408 80
851 484
703 736
171 403
637 124
650 902
848 317
195 674
243 261
686 641
376 674
843 626
276 813
359 780
731 409
345 326
384 454
113 994
186 542
479 247
159 801
199 244
173 985
296 768
281 947
587 343
643 713
934 504
621 482
928 823
681 728
967 128
851 943
890 383
784 544
857 110
749 456
507 933
571 808
386 836
308 545
256 908
886 18
266 665
677 29
36 875
22 194
832 218
5 912
143 774
572 148
735 696
44 541
982 771
351 188
735 713
221 522
427 572
10 620
358 84
257 157
75 690
173 97
508 400
434 527
720 776
537 454
810 946
577 965
68 216
784 281
345 885
181 487
936 612
665 42
243 82
760 104
638 73
106 294
289 782
241 533
389 315
816 25
603 355
548 416
208 233
775 251
65 656
483 417
211 910
677 953
187 482
739 752
367 787
647 317
975 976
376 702
410 320
68 668
952 263
612 465
775 409
986 42
458 579
100 156
467 755
471 535
238 774
424 734
616 178
483 125
843 973
38 41
156 956
998 927
365 274
402 284
188 269
796 76
174 712
925 656
909 299
866 136
120 538
778 850
912 480
224 456
761 279
196 550
527 994
842 680
630 115
188 194
995 722
610 230
140 93
469 641
650 798
667 148
325 504
474 930
127 940
111 555
737 1000
866 716
743 22
287 60
804 765
779 201
633 152
318 962
948 905
404 239
953 402
515 503
314 220
162 24
987 545
594 503
423 483
300 366
104 887
360 385
617 22
350 702
94 854
333 498
650 436
635 606
176 307
12 649
416 258
314 417
871 711
124 72
532 39
203 859
539 773
207 947
69 958
696 808
90 507
831 208
8 298
190 54
337 546
530 467
773 289
653 535
913 362
678 938
882 207
504 759
800 36
236 214
863 11
880 546
139 895
50 270
838 319
40 776
353 327
562 693
999 968
823 528
658 224
92 548
473 990
981 745
169 309
478 329
887 695
486 884
676 268
710 119
945 485
122 366
797 113
665 601
408 441
827 886
40 324
97 405
387 569
927 722
304 201
451 394
36 272
775 895
707 605
135 220
125 464
242 652
393 662
923 474
713 349
508 335
845 840
613 508
172 246
163 973
796 929
635 653
427 960
341 522
237 937
842 797
280 766
878 210
414 345
593 34
996 185
688 378
686 725
86 929
380 198
6 294
579 224
734 583
156 343
982 239
108 696
801 154
419 915
976 468
761 802
265 505
251 192
466 430
146 44
311 874
277 950
994 680
42 237
481 603
229 665
903 951
62 379
523 711
449 150
985 68
243 898
504 898
322 527
351 120
568 331
837 492
757 921
503 765
40 115
144 343
333 669
979 256
373 17
525 180
692 923
326 233
628 537
188 138
540 343
121 217
13 497
552 125
491 827
808 7
572 96
990 275
370 648
44 457
780 85
429 1
267 362
766 314
491 968
185 741
245 745
671 781
16 825
838 544
438 96
665 220
683 875
372 236
690 313
475 237
210 146
730 621
305 366
806 782
793 179
153 274
797 713
391 888
983 226
767 539
267 182
441 15
116 911
134 26
962 443
600 852
177 517
732 337
38 582
439 669
333 442
206 696
890 841
462 550
140 451
53 11
695 460
243 437
685 566
268 846
109 484
720 151
8 275
610 698
88 921
938 101
835 503
402 322
469 29
397 272
473 90
381 130
626 259
984 249
949 815
402 328
222 89
334 951
391 868
467 274
395 529
985 209
957 395
761 378
745 925
238 644
109 586
727 906
526 339
451 663
71 402
143 769
115 546
425 548
180 661
681 379
476 145
205 621
331 702
443 88
715 485
709 429
638 285
419 211
203 639
102 78
733 168
791 968
704 338
372 192
907 215
582 343
931 221
220 396
771 548
3 590
812 200
890 799
111 133
907 36
671 7
267 197
513 237
494 989
696 576
567 455
453 675
190 364
941 654
699 940
428 487
416 260
413 85
659 421
676 589
474 37
627 25
223 442
885 849
669 260
726 479
618 700
800 410
557 326
623 77
891 269
983 341
34 652
473 404
700 877
502 615
938 182
591 656
703 74
562 842
748 545
789 637
96 812
43 887
816 565
865 356
531 727
364 636
522 747
264 247
268 551
17 481
915 312
165 185
121 849
942 611
619 562
127 363
666 344
924 297
254 733
960 509
374 259
13 87
70 8
182 630
787 592
936 118
221 404
539 51
745 498
377 142
512 846
520 964
158 526
932 81
824 314
353 998
706 802
945 218
943 947
586 220
474 594
534 84
276 332
538 27
267 3
548 144
362 911
533 804
491 545
663 673
870 111
374 894
950 183
73 705
457 610
441 357
462 461
764 597
275 169
967 882
54 235
807 491
864 163
466 899
756 352
744 296
428 459
391 721
769 257
916 464
168 920
595 531
997 171
301 740
345 268
608 390
241 851
371 544
929 52
700 881
901 38
624 571
531 985
327 394
863 340
784 172
407 274
84 397
216 317
288 154
324 840
687 416
846 717
545 209
229 600
782 117
490 567
551 448
697 675
950 831
939 554
887 400
654 51
72 179
143 554
809 970
772 218
520 51
387 124
173 595
209 922
494 965
282 253
231 178
70 116
849 823
740 948
410 89
691 200
452 828
804 425
273 423
239 532
311 235
560 701
248 185
895 505
606 868
4 79
187 22
659 944
206 225
945 87
374 811
15 901
223 798
309 664
994 302
45 238
12 505
470 901
552 734
217 670
993 956
779 89
858 498
430 715
517 741
59 687
825 469
811 857
9 295
531 678
321 358
452 670
413 398
877 873
398 482
113 964
590 374
313 266
77 865
189 423
600 984
151 557
548 814
422 55
170 20
372 914
697 744
769 952
956 638
65 155
981 925
468 832
101 851
779 65
203 53
22 619
40 112
173 661
657 840
696 146
455 347
922 604
133 467
348 524
518 974
407 111
796 804
193 281
430 478
183 738
884 541
44 676
20 91
541 536
692 612
767 480
499 678
410 189
235 160
93 2
296 828
743 200
447 543
451 472
698 571
224 78
223 446
459 698
258 283
520 762
742 403
656 490
380 688
107 835
99 776
686 314
229 437
157 185
858 551
180 591
163 795
183 324
662 659
354 838
997 944
341 700
586 601
328 809
275 290
352 688
802 566
149 325
650 506
46 951
289 66
197 713
590 176
150 849
216 697
200 498
772 568
385 566
685 565
449 309
270 202
363 715
289 172
398 510
773 146
795 614
650 175
378 260
915 65
498 941
62 58
364 838
131 511
917 591
793 137
869 539
914 10
644 167
350 128
429 527
502 79
583 946
790 520
277 683
829 494
443 671
814 386
134 784
503 595
394 933
737 631
690 123
540 150
135 722
463 193
620 452
255 99
662 673
478 262
575 956
303 700
282 53
749 633
515 961
576 209
153 768
83 67
813 292
338 521
851 70
689 807
893 735
187 669
617 329
591 691
645 743
693 856
568 787
864 442
756 248
351 704
940 775
443 313
104 639
679 972
361 80
713 139
860 46
24 614
864 41
541 93
982 86
663 525
871 792
805 674
493 484
111 585
336 289
742 153
500 732
485 128
12 528
744 461
218 353
142 530
380 41
365 14
302 980
934 705
829 989
631 465
602 201
195 277
983 340
694 745
679 127
458 577
924 870
431 278
915 93
754 143
437 737
367 608
623 340
377 736
752 436
730 735
186 786
5 318
78 796
611 308
680 544
613 570
212 389
70 879
128 341
334 658
222 58
972 137
396 211
491 87
165 922
277 560
634 13
942 322
55 553
150 982
692 941
939 892
465 961
67 789
467 15
196 695
605 269
430 240
433 60
650 728
183 968
250 791
306 405
624 408
76 771
665 234
205 737
645 836
940 852
248 124
103 262
35 62
515 360
782 99
332 740
791 495
560 847
68 62
92 164
888 187
357 240
923 844
866 935
551 528
328 786
989 451
961 41
945 869
584 35
507 340
661 161
510 585
915 763
134 227
962 480
66 301
566 230
659 448
508 122
24 201
85 480
750 498
54 421
692 303
734 294
267 233
630 759
756 950
425 372
967 804
870 411
422 155
874 956
378 175
164 493
271 322
792 539
425 22
193 18
856 334
308 709
950 828
312 640
260 864
429 599
478 188
26 293
835 893
839 157
933 40
663 147
351 967
961 823
196 516
732 630
325 996
914 391
164 250
516 343
774 887
98 354
318 681
642 285
558 153
301 464
214 979
609 199
573 356
268 472
82 193
103 213
642 63
721 542
205 645
496 791
106 90
970 739
255 72
318 591
979 787
746 10
249 562
822 499
768 123
932 699
862 956
439 917
557 82
443 478
168 998
689 474
711 925
177 654
180 539
585 970
920 210
178 16
834 616
228 815
107 122
253 364
275 374
416 613
298 829
854 734
471 367
