1000 5032
763 960
640 64
726 129
309 821
476 733
772 402
369 448
406 847
705 260
321 357
932 543
527 583
829 889
393 897
737 350
939 707
439 914
359 767
830 652
218 350
853 58
998 744
268 827
233 546
307 807
327 909
401 350
475 934
343 747
632 664
10 923
509 146
216 822
441 78
693 828
479 55
114 374
59 532
117 565
282 538
959 868
526 370
13 986
285 917
400 118
382 273
419 361
294 312
653 841
410 448
541 324
465 475
746 675
66 868
604 959
825 651
129 631
792 742
261 391
171 220
802 736
640 938
970 353
607 84
510 516
718 105
349 303
973 874
540 710
879 240
192 406
216 829
927 999
343 778
875 268
542 552
398 4
761 271
339 357
703 283
120 707
984 356
943 722
450 226
611 31
224 469
513 960
894 662
552 890
990 845
739 207
102 122
579 67
924 75
27 56
3 932
112 845
340 319
434 226
434 251
608 711
769 751
364 453
793 891
994 387
540 686
579 208
504 907
174 194
944 259
455 736
602 273
72 334
689 704
372 564
155 172
818 804
665 866
621 923
95 810
511 84
918 188
432 986
207 240
357 265
233 160
912 176
785 521
906 812
182 566
111 835
519 909
370 507
98 842
524 869
892 989
708 407
945 963
991 696
30 965
270 718
126 371
53 620
537 867
221 666
383 959
169 940
630 382
760 265
105 890
904 547
137 699
815 152
908 974
387 15
436 193
570 31
765 67
358 771
644 976
506 766
115 879
816 496
577 582
130 353
617 100
431 141
504 769
653 297
177 571
568 149
569 265
290 935
771 495
612 796
702 559
575 498
635 536
542 52
466 898
853 866
995 335
380 712
161 690
861 844
165 725
169 516
645 603
975 196
764 883
49 324
195 312
419 952
289 888
640 512
143 786
772 883
960 952
498 859
995 619
983 332
689 511
232 382
103 158
285 855
730 395
660 811
861 534
477 761
257 733
972 55
575 106
849 933
834 583
462 700
482 669
654 144
877 547
452 498
678 298
42 370
595 47
902 601
706 118
564 531
139 223
503 891
588 118
422 932
39 686
116 268
208 618
997 848
466 792
674 277
215 247
1 783
626 199
537 877
457 144
536 600
424 402
833 892
942 692
577 720
38 497
568 976
513 2
509 220
921 639
539 184
596 319
615 999
580 401
20 231
716 670
241 823
441 469
24 299
41 755
958 935
239 606
635 534
906 194
581 9
620 84
968 450
769 346
54 460
716 974
749 979
665 38
229 4
208 471
39 551
333 838
390 564
935 405
376 877
81 532
584 327
267 661
966 507
381 228
679 407
706 392
866 250
739 120
775 675
8 259
241 475
192 917
263 737
693 822
821 151
344 517
882 282
844 677
487 972
955 426
990 842
739 873
744 84
833 631
446 324
29 292
842 323
252 230
420 615
223 1000
186 724
920 615
939 776
462 68
355 138
102 394
49 286
50 634
215 276
566 740
394 965
769 237
20 806
538 807
632 491
12 792
63 960
64 387
545 831
292 322
584 771
344 40
641 470
643 470
867 703
477 788
171 924
5 749
561 276
687 897
877 590
780 959
623 466
765 642
965 720
307 790
272 281
312 331
916 644
476 25
187 675
424 47
440 706
705 162
321 6
706 669
764 785
156 766
884 888
585 111
643 180
35 10
768 778
739 757
646 99
367 715
695 165
883 398
926 318
378 240
289 683
769 340
588 552
330 895
765 278
496 528
225 54
190 142
941 942
767 26
805 637
906 99
221 759
827 260
739 979
482 548
498 895
300 780
691 459
103 130
765 667
549 606
913 648
152 656
236 609
274 169
496 297
132 146
723 986
134 576
299 854
527 43
855 910
676 252
549 122
161 809
167 875
537 469
630 127
92 796
300 520
852 45
28 575
764 324
251 820
269 376
14 638
933 646
897 598
650 828
828 22
850 592
82 413
707 489
263 240
196 771
265 821
676 671
537 841
886 537
687 600
429 78
15 821
877 261
201 892
972 637
295 990
3 393
975 562
248 780
719 536
653 383
730 883
841 428
198 398
643 226
590 810
521 993
495 162
78 435
760 710
523 226
800 267
105 503
487 115
879 861
68 326
608 394
772 515
800 654
296 273
977 827
452 597
687 815
466 426
340 935
819 338
395 305
89 945
436 675
164 42
440 881
828 969
741 941
79 10
146 639
211 386
581 783
434 457
450 371
343 393
204 278
115 862
994 58
904 249
760 862
744 291
38 250
419 323
417 908
69 747
60 170
624 670
841 547
950 335
643 87
424 147
351 173
727 929
592 34
251 265
452 158
379 715
18 631
973 183
442 347
958 366
135 411
410 694
20 288
592 143
215 169
752 129
970 344
953 256
20 636
165 629
739 966
829 3
333 681
228 767
172 156
816 589
90 821
215 581
825 830
839 226
161 5
385 759
544 914
875 418
47 705
50 902
822 999
89 737
552 348
201 306
510 260
938 963
60 38
279 260
782 677
345 863
548 677
236 876
785 840
167 690
912 555
634 510
86 582
103 540
707 371
17 528
994 970
608 669
698 76
37 104
972 437
77 716
285 641
819 26
253 746
732 822
364 888
285 30
537 256
612 844
646 951
255 794
77 761
579 807
321 480
251 150
134 696
803 664
968 750
643 514
98 606
330 779
95 9
888 678
904 651
959 976
636 803
300 774
982 275
275 224
514 550
163 883
732 30
52 811
225 961
584 142
726 659
431 790
205 257
128 564
934 348
992 819
612 561
150 133
557 699
67 553
504 397
160 586
676 467
234 928
971 658
751 645
366 168
918 341
683 237
900 893
794 597
727 991
818 290
584 630
289 720
217 243
336 418
519 575
421 415
77 887
170 347
354 172
265 423
115 315
762 174
394 502
268 9
396 470
380 179
879 881
328 590
592 304
792 658
264 982
27 722
708 913
251 531
430 781
912 124
454 34
440 36
24 1
441 846
556 946
248 820
580 577
779 179
48 391
526 502
696 936
413 501
988 747
330 682
294 522
6 959
153 25
774 64
28 943
948 267
145 247
625 813
229 28
611 750
886 798
229 415
397 952
719 916
804 517
716 871
364 12
680 405
679 30
937 252
521 663
3 648
337 426
244 135
758 754
329 533
753 970
175 910
568 320
911 656
474 908
722 467
991 454
59 673
977 927
542 757
816 294
962 672
319 243
548 46
308 445
457 811
24 781
442 81
578 610
27 685
852 562
618 150
541 388
322 273
669 591
274 396
954 801
222 803
772 545
650 749
217 722
537 245
641 486
236 848
183 908
792 299
276 952
777 742
650 380
244 379
621 791
468 470
202 550
147 913
539 659
114 945
560 65
123 936
357 437
175 713
52 18
134 146
19 638
829 827
719 635
668 767
298 382
245 90
926 750
316 239
727 799
126 802
804 369
91 307
219 870
60 879
723 716
2 113
11 796
368 150
31 832
987 694
309 942
274 278
917 90
497 969
77 792
740 168
390 42
302 647
835 715
360 745
177 218
253 396
917 869
898 633
883 45
39 348
42 64
280 715
280 128
83 254
466 599
855 403
306 318
161 889
329 692
430 44
806 437
47 597
848 323
477 394
779 989
47 349
994 474
417 892
89 719
826 553
808 123
592 588
668 952
676 39
975 923
445 956
915 961
437 869
910 869
268 45
560 299
950 902
492 322
680 715
313 282
577 33
355 467
925 483
763 648
855 870
268 188
126 519
116 854
274 215
719 109
442 251
977 457
741 432
630 869
526 921
564 212
356 919
713 599
753 760
661 515
361 863
715 461
763 124
466 148
302 29
253 557
358 979
895 619
676 999
416 799
328 667
756 21
539 399
776 75
635 645
11 232
28 629
158 572
855 565
198 663
842 129
517 694
303 543
916 943
940 758
632 575
900 30
634 984
564 759
159 804
625 736
111 629
853 100
352 711
530 308
578 384
339 374
580 402
424 893
470 129
179 737
492 150
990 230
132 957
548 553
443 865
939 804
192 762
100 628
28 16
29 926
618 784
54 581
77 293
805 718
420 986
741 289
760 418
996 515
997 641
689 986
961 925
417 22
476 890
602 243
395 486
18 625
382 193
661 15
111 952
168 684
443 664
211 372
558 377
227 289
104 810
984 100
214 435
803 384
367 747
805 90
805 917
185 756
790 486
241 58
24 107
938 802
82 148
954 868
52 131
713 14
878 446
958 464
900 164
115 347
703 890
977 543
394 919
806 562
853 874
503 271
452 760
344 993
436 911
241 654
452 287
482 178
258 666
667 320
784 193
320 736
599 767
907 766
711 993
42 734
125 959
309 898
329 393
510 29
954 2
607 844
630 411
848 923
325 309
373 613
462 277
352 174
691 512
449 445
569 635
217 188
747 590
366 700
57 816
882 630
539 187
695 511
942 519
392 11
980 622
896 497
696 398
399 550
384 261
943 298
994 322
440 356
836 843
655 443
595 129
246 141
50 574
955 391
368 9
719 291
975 213
867 907
205 506
122 232
50 844
909 199
396 414
163 914
268 922
311 955
404 979
295 843
222 920
760 287
63 759
814 395
339 873
374 631
875 363
983 138
431 185
35 564
474 438
106 773
60 149
557 305
500 905
7 735
138 193
545 519
641 267
918 621
54 341
662 702
168 46
303 869
206 223
6 456
337 807
449 365
982 506
440 884
201 535
309 734
770 320
183 309
349 557
902 333
958 830
635 927
136 294
11 729
526 752
916 927
430 221
177 783
416 193
911 859
236 724
611 992
50 923
593 595
635 613
688 413
889 569
945 895
730 767
674 832
548 23
70 898
295 544
60 615
353 833
906 553
561 754
196 572
786 716
490 234
860 810
516 143
917 439
295 952
756 702
921 44
103 759
687 683
597 868
363 96
749 96
687 195
786 40
110 905
54 106
879 176
20 814
93 688
828 581
779 784
388 348
335 631
447 978
563 989
433 938
732 489
571 486
367 95
882 71
898 497
296 179
495 125
812 81
134 109
944 942
798 132
249 750
585 627
217 553
108 643
218 335
41 596
81 935
336 425
487 471
124 240
945 705
712 799
777 802
751 712
16 408
460 890
155 193
632 395
526 246
67 184
983 947
452 732
825 971
517 966
901 423
741 749
617 791
270 963
84 775
12 100
214 615
527 722
396 395
948 872
607 30
555 44
538 857
405 435
80 529
7 291
906 478
247 927
51 774
547 909
640 302
102 133
57 425
3 863
649 48
200 104
366 495
943 233
431 595
567 557
833 528
255 714
764 140
982 323
269 211
148 554
204 705
916 615
183 245
103 408
896 731
162 993
108 408
825 602
735 664
260 312
334 291
288 586
562 565
635 489
47 528
446 600
267 294
506 754
325 484
555 907
739 960
390 863
343 853
825 820
844 61
386 613
848 184
77 682
25 956
228 576
800 352
86 791
889 820
948 227
342 822
87 956
474 704
272 867
891 485
293 402
421 173
187 237
833 165
579 114
114 854
753 383
376 802
907 846
322 418
506 71
605 857
751 485
524 64
805 669
536 95
419 869
594 535
846 956
577 854
63 999
815 226
450 488
505 64
949 205
239 619
662 489
162 502
442 203
889 162
7 683
998 273
982 63
693 461
566 446
182 724
736 315
75 497
558 469
258 297
223 201
120 780
749 454
568 78
344 803
253 311
695 384
555 686
175 458
263 670
721 13
608 232
888 85
7 55
173 256
164 684
530 246
198 839
703 978
73 180
400 617
845 857
844 935
424 896
21 546
288 261
316 195
62 299
602 803
948 155
394 993
482 164
732 461
550 529
898 46
112 493
526 633
506 388
189 838
707 664
887 261
599 799
502 301
488 193
269 68
91 108
711 31
368 951
602 348
918 132
408 664
206 847
277 232
45 104
573 97
620 988
308 770
487 727
127 97
236 981
828 68
18 304
541 382
872 502
66 341
587 773
561 856
124 67
95 543
881 821
134 898
644 694
548 636
741 209
190 209
979 65
7 70
874 297
359 841
484 559
434 173
172 793
454 40
827 312
167 827
886 47
134 201
422 195
542 218
270 975
773 788
35 70
614 492
326 571
76 810
823 647
849 923
573 474
875 47
388 971
445 550
964 909
744 263
929 812
125 467
454 700
201 1000
843 297
555 668
548 823
889 293
149 246
741 116
454 610
672 868
567 711
53 82
73 780
609 287
790 131
367 507
671 898
636 509
123 146
175 896
977 168
876 787
201 202
415 351
954 965
937 11
958 228
576 446
7 203
672 925
353 320
433 484
368 969
350 619
254 538
682 587
818 569
739 694
719 57
206 228
194 178
762 99
145 273
360 9
549 15
466 23
970 737
205 729
93 846
884 690
280 544
206 712
800 638
482 922
247 851
907 874
59 666
470 920
738 495
848 454
472 69
80 418
385 302
792 666
254 328
738 969
689 789
541 812
900 277
216 503
177 855
752 174
399 846
933 119
130 827
451 602
78 252
578 445
33 43
373 922
330 312
88 689
388 819
850 820
311 468
59 423
539 522
884 444
150 840
815 882
39 245
700 312
176 467
982 639
443 237
145 901
917 495
98 201
595 560
337 157
245 395
420 455
875 86
567 919
431 741
159 699
182 873
421 733
830 957
917 80
738 322
25 277
614 497
443 489
698 125
604 286
527 332
530 109
803 345
458 860
825 753
570 993
191 27
592 105
863 243
938 710
216 74
266 952
321 712
953 554
674 899
640 287
549 507
329 690
221 996
311 854
834 93
618 158
525 322
100 199
424 980
973 518
777 669
334 737
540 340
982 837
339 726
285 366
987 799
487 445
986 947
95 871
129 387
865 213
277 660
577 150
666 33
316 299
563 884
841 367
51 123
325 435
751 811
55 550
609 838
829 653
993 572
154 368
674 465
457 657
568 137
895 892
217 400
272 805
113 220
683 261
539 536
705 379
906 659
745 736
229 312
682 766
50 16
416 304
163 371
608 927
991 725
693 998
284 408
616 729
83 898
216 1000
360 141
156 587
291 576
953 453
421 461
59 838
171 957
805 111
11 788
798 880
584 231
359 305
161 349
396 919
844 246
419 590
699 733
556 117
422 36
316 575
17 540
981 827
466 591
889 870
894 194
456 639
939 541
936 664
824 104
523 506
667 638
192 508
774 97
885 817
818 510
585 902
949 908
616 802
918 859
372 258
374 810
458 363
96 250
403 742
191 713
336 681
808 869
392 747
357 235
563 260
211 667
565 350
843 312
307 66
929 942
828 538
679 489
313 920
121 343
124 319
396 910
879 514
431 603
458 432
366 281
210 846
849 254
278 304
155 979
279 963
122 773
28 788
50 435
389 856
608 478
605 419
714 343
813 258
219 386
52 534
735 108
155 954
756 868
216 700
892 797
87 407
325 140
623 927
371 715
41 394
311 700
5 148
479 877
649 670
262 733
198 369
336 981
63 286
513 158
470 96
988 852
270 384
790 963
938 966
938 811
958 576
207 418
885 923
120 945
272 838
504 923
751 707
68 305
584 895
342 943
72 457
933 985
660 775
798 277
727 712
429 905
99 528
280 150
139 531
525 928
620 456
88 201
307 178
54 791
200 802
138 324
995 583
973 996
558 108
962 884
926 715
18 79
804 985
915 694
127 628
3 444
113 792
470 963
960 770
171 742
421 917
616 718
746 645
11 113
50 323
206 341
35 749
896 281
843 470
650 506
20 897
457 553
242 817
451 395
703 652
687 582
172 529
278 485
50 466
943 696
804 703
53 306
330 617
809 474
828 338
755 993
78 671
155 334
464 438
263 891
605 970
169 479
514 33
654 136
217 899
6 43
310 969
459 980
481 636
244 392
524 701
566 62
764 533
143 670
215 964
492 76
828 11
973 547
244 319
373 823
459 341
50 135
31 379
89 603
36 697
607 34
278 828
738 376
243 193
63 671
834 346
526 971
214 793
175 525
983 304
240 947
988 240
360 677
592 67
662 442
441 729
882 84
906 559
837 501
306 639
218 493
551 413
536 469
484 515
421 798
740 999
279 229
980 86
545 844
581 587
655 980
805 978
161 16
91 211
436 459
410 805
468 37
60 335
336 661
66 193
634 465
527 755
678 935
250 486
394 963
252 454
881 648
641 495
440 659
649 436
78 638
135 684
872 758
431 505
49 555
987 796
306 90
839 531
661 581
899 326
849 535
521 242
557 297
157 507
635 252
134 912
433 293
343 830
334 658
161 790
655 957
112 681
406 47
149 471
831 528
904 746
229 793
563 610
912 704
378 683
523 726
16 943
751 457
548 525
53 913
592 787
257 395
756 113
227 898
490 412
251 942
505 863
896 697
272 131
509 959
330 972
611 85
279 328
465 715
444 974
713 350
626 65
772 992
878 181
120 497
854 684
565 226
416 498
179 683
160 832
17 212
593 876
711 485
741 743
618 675
756 491
50 618
749 22
695 126
506 518
843 484
404 870
494 158
920 817
632 70
616 885
872 42
93 498
446 598
965 590
364 109
341 767
200 210
842 609
160 869
914 174
591 869
406 288
924 691
889 151
247 396
727 318
819 9
585 142
558 981
192 278
623 308
698 32
330 70
205 858
646 960
735 663
614 259
349 789
616 627
100 684
690 956
779 367
325 630
307 151
145 347
254 583
368 423
196 294
756 890
795 890
561 486
524 238
618 209
449 375
29 446
506 61
307 593
343 488
794 989
6 459
349 76
977 374
831 34
382 628
504 598
647 9
602 844
733 486
229 327
268 363
295 218
255 843
290 407
337 413
228 783
743 13
546 715
800 242
893 736
433 511
894 139
544 303
306 989
950 466
719 138
904 646
556 61
313 885
79 846
192 701
863 455
345 890
253 242
89 849
716 699
560 86
111 788
275 594
719 414
738 638
991 848
902 565
157 897
462 346
990 429
514 322
711 437
661 391
225 880
465 820
575 811
651 234
190 226
429 610
853 597
305 426
284 223
53 247
808 373
57 236
563 315
216 353
995 338
389 213
262 621
785 77
239 535
942 287
929 928
490 790
894 327
968 666
808 719
556 495
918 130
166 884
372 629
247 363
211 378
530 356
162 897
772 805
235 384
808 606
219 458
609 582
204 811
352 494
832 9
170 928
262 241
889 899
998 47
216 628
965 318
786 576
198 265
23 797
73 718
863 9
991 531
332 685
5 882
227 491
961 17
140 402
822 546
217 257
220 141
967 386
900 993
23 455
523 376
981 788
925 999
255 306
89 132
277 969
471 395
789 411
807 952
313 25
702 86
540 789
244 74
300 607
815 413
618 187
678 901
848 694
175 361
713 536
997 323
609 404
884 685
899 952
12 684
703 328
689 905
50 526
479 239
366 643
222 991
625 84
6 237
246 683
946 821
36 976
487 489
644 444
931 278
372 31
779 745
762 419
563 251
999 402
341 515
35 562
121 445
878 399
660 710
644 896
421 257
849 48
649 998
889 489
281 572
428 104
577 265
36 351
396 65
950 237
165 241
94 297
171 85
442 387
42 140
80 471
70 76
101 654
623 292
990 378
375 256
693 517
490 570
1 989
950 705
716 252
664 821
385 212
439 921
975 140
192 358
337 51
384 320
469 96
818 249
803 76
13 345
396 423
775 993
473 454
635 266
883 485
383 876
653 646
645 788
921 188
190 638
455 976
867 261
930 59
342 661
71 297
879 12
972 674
756 140
556 622
560 927
83 831
579 834
567 875
948 573
698 773
130 396
556 363
191 392
59 525
339 126
148 335
855 228
855 531
906 374
825 638
883 637
57 594
39 475
765 627
206 903
632 986
814 710
375 532
602 133
303 989
702 323
876 446
458 959
678 187
951 896
718 425
843 218
208 547
137 858
635 823
818 323
964 230
802 9
234 455
89 773
971 642
381 863
75 412
661 637
866 599
595 15
885 868
299 724
998 120
191 450
958 386
967 157
145 238
809 218
520 771
850 67
758 600
83 614
369 661
263 966
655 789
696 858
382 754
463 399
953 109
900 566
78 85
336 153
694 697
264 978
321 235
211 628
530 980
559 615
825 646
790 919
809 33
809 500
24 728
24 17
336 926
150 721
135 749
651 547
104 863
753 1
431 924
52 423
641 643
307 268
953 737
597 531
972 157
948 825
829 175
164 190
466 160
224 847
53 929
368 488
153 748
278 14
98 951
389 25
120 227
564 892
990 404
949 902
36 84
167 343
676 193
578 848
723 297
779 644
998 349
809 301
858 919
530 101
252 969
953 318
718 443
779 846
173 435
211 439
728 715
711 360
672 23
907 187
270 86
805 62
790 660
864 960
132 969
610 832
818 955
764 278
195 446
430 518
327 677
329 94
165 149
384 799
519 913
578 824
813 756
473 439
872 517
190 824
665 322
126 590
893 582
983 883
801 824
914 633
307 17
816 291
527 810
796 629
84 138
211 514
251 561
358 824
35 582
325 443
420 767
257 382
191 254
719 730
740 637
183 32
780 33
563 659
837 16
514 85
605 403
926 724
75 387
77 981
320 974
916 595
945 67
320 869
706 556
848 125
739 533
800 425
698 943
351 65
142 23
163 379
436 955
166 169
990 866
390 932
559 564
898 683
359 728
496 793
948 640
163 456
101 11
476 932
555 212
505 748
313 724
779 783
723 128
371 535
580 212
457 128
620 323
984 724
396 322
930 861
218 731
978 709
717 888
274 866
477 361
208 840
438 402
302 518
644 483
948 60
434 979
508 78
823 218
161 350
308 922
629 871
539 92
795 502
541 742
255 677
819 947
378 610
307 221
146 783
236 346
772 548
573 181
526 952
950 871
48 117
800 263
361 868
250 903
641 448
385 239
608 29
487 69
739 952
630 372
540 703
353 963
634 993
875 521
978 669
218 361
695 745
19 559
368 251
295 581
96 773
705 873
120 620
616 529
972 296
251 700
268 502
15 890
343 132
623 379
703 586
574 512
172 10
702 332
8 545
988 361
580 292
676 124
175 860
569 973
473 283
181 74
440 535
537 111
477 750
149 113
830 377
353 107
707 955
160 709
19 856
50 726
390 93
666 552
718 217
611 33
390 790
906 594
961 210
247 78
727 277
729 609
837 768
823 281
930 547
643 378
385 639
111 48
8 601
706 646
28 446
49 92
12 160
359 428
925 796
962 226
53 797
882 369
352 326
885 287
578 3
997 128
673 647
459 919
72 525
656 467
434 852
73 236
272 460
678 435
93 241
516 871
295 789
278 598
101 710
706 936
449 283
765 234
983 791
694 174
19 781
149 863
490 9
223 642
55 395
430 448
482 442
295 53
121 664
917 591
233 525
195 690
198 210
216 876
864 762
474 528
972 32
537 146
422 351
441 728
20 483
155 326
856 46
300 367
624 629
415 343
272 436
753 666
612 553
453 290
404 209
495 335
6 901
723 501
652 322
374 249
274 958
232 13
31 903
967 545
962 59
195 68
487 513
240 642
169 636
433 95
577 210
79 907
775 414
394 122
819 320
673 294
368 716
459 810
7 77
390 701
473 29
911 261
122 96
124 919
558 910
452 910
717 176
915 933
673 611
225 711
83 960
924 327
434 472
686 553
785 15
569 221
71 821
195 310
539 501
441 594
743 312
878 417
449 356
52 892
471 128
900 11
885 648
370 840
192 330
7 98
872 36
563 360
727 435
359 757
987 763
219 533
735 110
222 158
611 84
901 461
995 318
957 747
248 3
800 816
103 466
161 329
50 777
640 228
911 100
18 643
1 331
864 477
12 146
786 724
749 317
998 509
431 596
431 387
566 17
52 513
627 485
347 656
848 278
925 603
721 483
602 643
616 668
701 810
738 284
971 909
163 751
244 404
701 338
739 3
170 266
995 559
465 32
49 971
229 914
503 87
214 46
566 307
344 622
553 690
201 43
93 386
610 345
481 957
368 284
444 409
11 237
784 657
217 560
397 703
108 65
950 877
932 627
510 142
186 381
183 785
295 254
109 138
137 234
49 490
998 825
307 633
215 335
452 185
39 38
132 43
279 243
427 138
356 151
287 260
889 751
168 483
275 46
520 969
334 876
182 265
614 554
429 425
468 581
968 112
841 710
553 332
883 981
93 70
937 45
918 578
398 261
248 935
438 164
468 692
341 162
343 855
695 707
220 692
917 246
665 289
222 517
244 904
300 618
135 246
449 734
708 606
605 401
125 700
988 68
368 522
60 509
920 582
595 529
248 645
746 601
563 632
674 128
640 16
328 903
714 326
813 128
209 335
264 377
805 46
394 996
126 757
533 1
420 305
259 619
596 832
743 638
389 883
490 841
569 802
967 811
74 598
789 301
756 176
186 271
741 548
153 11
300 609
242 425
691 669
855 107
88 187
8 572
823 713
292 13
149 644
916 460
739 380
596 211
62 350
83 384
563 471
198 798
379 131
270 797
550 243
81 226
580 475
809 955
479 745
315 847
706 469
711 33
284 969
392 531
358 149
618 796
450 535
363 663
931 370
805 399
456 413
3 807
298 701
172 329
373 909
95 4
676 379
875 327
964 583
166 108
573 230
509 136
953 265
94 404
574 898
313 902
867 299
25 908
154 895
601 685
135 144
815 557
50 115
252 704
128 862
143 974
609 427
576 546
421 803
5 286
686 273
154 6
808 340
229 805
29 392
198 852
159 371
60 880
328 586
735 753
115 79
333 188
760 589
279 399
482 633
515 345
655 565
691 213
930 379
968 203
41 457
544 202
809 384
186 430
406 920
313 861
365 592
962 8
84 660
206 177
595 126
659 613
491 766
399 747
308 519
993 297
39 266
861 722
833 679
13 488
128 736
879 696
623 887
834 980
883 317
666 598
349 852
760 48
387 980
779 515
542 125
500 206
653 38
982 297
578 534
566 359
987 363
329 932
626 178
916 338
212 976
152 202
225 532
634 271
688 870
624 616
50 259
471 666
47 782
640 985
236 90
474 509
204 240
849 724
24 4
906 738
279 78
262 2
997 442
49 633
160 9
859 543
362 93
63 465
491 44
271 303
330 681
138 656
42 863
352 662
537 552
481 502
154 481
962 457
28 509
984 528
489 86
509 448
879 705
271 348
93 414
420 119
204 388
478 909
902 534
634 423
492 520
926 199
656 999
738 681
364 341
605 927
882 3
59 142
554 9
996 15
63 773
306 919
449 913
526 77
164 309
219 607
442 846
145 22
415 282
368 847
786 76
22 956
83 702
889 759
102 179
267 458
81 201
742 750
164 133
828 96
900 273
313 921
556 726
154 840
726 425
636 212
198 790
696 33
552 230
91 226
452 160
365 330
510 105
41 428
222 806
649 173
25 528
504 199
949 956
714 70
91 428
92 131
780 338
574 860
682 104
906 961
192 356
781 670
428 865
654 9
983 237
16 519
916 780
918 55
59 782
364 594
514 370
840 287
624 438
264 685
825 283
365 178
314 625
696 486
480 414
667 610
687 645
616 581
66 260
376 223
376 660
469 559
143 375
695 938
494 44
853 2
478 439
812 254
544 551
227 629
121 218
466 816
195 242
982 306
87 603
695 620
865 947
820 768
132 737
518 560
902 261
524 962
580 231
28 292
929 535
752 521
604 554
163 426
307 418
991 305
116 458
651 603
818 809
433 890
63 248
480 755
429 669
906 641
132 519
428 427
944 927
28 29
29 905
55 281
472 602
287 922
807 158
758 514
480 260
990 781
282 76
983 711
397 383
87 356
825 75
494 659
958 596
939 514
21 868
836 112
574 265
691 144
450 589
363 609
75 888
511 387
630 545
973 799
977 462
468 287
337 484
279 964
438 3
930 622
177 518
434 396
35 470
36 869
399 131
28 64
442 899
921 76
192 257
479 428
464 54
906 213
987 929
853 298
781 61
968 611
759 720
327 854
533 291
937 761
539 384
975 251
906 875
579 86
49 956
927 356
991 617
161 507
125 938
508 294
614 855
67 283
672 414
319 382
912 397
836 335
324 299
270 512
769 418
623 699
145 129
130 326
987 62
952 587
98 639
115 388
102 95
818 356
195 30
858 322
89 250
289 69
101 124
149 209
826 721
573 67
829 270
300 118
504 703
103 782
896 405
308 214
704 796
91 693
124 729
258 85
278 495
351 239
58 681
30 170
530 60
568 503
400 670
236 29
293 34
920 895
614 403
962 775
401 442
390 18
509 951
67 419
674 393
51 413
714 816
569 303
588 857
463 414
661 552
954 14
118 455
774 85
337 620
472 298
550 485
970 674
2 263
977 546
594 685
886 679
167 480
412 587
372 234
77 90
994 272
941 572
215 258
159 753
951 788
524 560
111 861
330 283
59 331
422 365
116 863
758 700
308 351
432 327
926 144
198 644
930 765
182 834
826 385
284 521
317 181
725 40
891 237
912 507
603 209
16 149
18 882
926 323
735 899
370 203
577 481
408 287
179 256
500 909
295 36
321 120
27 9
692 409
20 387
839 282
316 866
109 249
808 203
357 591
656 682
822 9
829 256
339 366
560 502
266 667
818 489
188 426
209 754
416 350
860 409
399 15
271 74
437 947
439 484
41 845
915 874
741 767
334 191
724 86
207 995
933 210
175 414
818 434
115 885
218 201
686 952
954 479
843 814
373 672
205 615
739 124
465 823
63 852
550 532
266 498
103 136
812 503
204 755
785 786
605 54
825 208
679 943
896 181
560 969
816 419
687 117
67 747
943 522
451 757
945 304
894 842
480 849
143 999
833 595
169 722
296 571
478 498
191 65
636 690
602 974
362 363
968 898
492 576
219 280
954 160
829 991
994 459
760 442
387 350
559 95
906 783
526 545
584 189
413 781
168 70
933 609
734 281
57 263
165 2
175 430
894 666
479 359
206 267
575 715
317 199
262 647
163 214
673 44
105 239
967 763
948 479
203 598
438 174
818 687
745 601
353 147
652 862
541 600
579 669
785 14
340 223
218 498
474 47
826 184
771 898
938 414
114 643
850 706
390 907
135 27
247 893
429 378
732 34
571 778
308 901
401 67
516 854
251 672
558 884
523 377
634 915
780 406
31 796
930 774
831 147
403 455
362 790
462 806
864 464
542 430
289 582
159 490
657 832
181 838
809 677
826 525
901 642
247 86
900 373
281 234
18 183
725 180
339 177
216 295
70 582
549 102
143 318
916 638
3 533
641 607
667 554
444 737
66 332
329 443
248 630
195 368
325 87
127 384
698 204
222 428
169 32
831 189
820 419
635 469
763 152
84 657
470 100
50 763
491 922
599 725
22 903
902 461
225 615
155 840
172 74
580 63
321 171
47 48
380 536
876 501
53 276
365 557
167 300
794 384
29 132
561 395
390 319
269 190
894 682
632 726
42 768
630 74
315 963
743 866
524 232
102 964
940 301
812 304
255 324
236 890
19 378
128 619
740 877
463 907
154 517
580 716
585 657
244 622
968 518
514 240
592 589
336 966
650 293
465 787
155 251
632 126
801 250
482 811
948 436
625 692
221 374
385 37
739 489
388 985
760 866
941 40
882 210
487 502
608 993
937 672
510 730
526 997
995 13
78 883
253 226
177 276
177 991
457 905
219 177
806 87
240 26
168 598
167 252
727 345
585 666
267 682
548 380
288 789
734 928
809 527
158 1000
223 750
510 318
98 11
939 579
281 391
444 981
429 444
729 590
549 896
973 201
271 868
825 245
718 777
789 999
726 335
406 419
592 97
357 671
828 770
548 594
491 201
805 562
294 286
645 985
687 840
120 194
915 960
397 426
359 934
704 976
330 296
955 250
646 210
186 528
706 466
155 88
567 648
175 21
712 426
142 781
640 972
606 892
19 66
972 996
898 963
206 366
687 627
597 44
192 392
470 814
943 591
103 617
661 488
311 799
186 514
918 342
314 919
760 187
979 923
708 315
140 242
158 209
569 923
98 305
577 233
642 648
165 246
809 229
774 881
668 518
632 863
372 304
63 92
49 869
818 109
929 86
325 960
548 275
270 350
495 896
200 971
57 147
313 249
370 305
595 293
478 956
337 56
673 550
198 201
840 412
83 358
222 335
363 210
649 823
182 383
945 323
865 628
727 796
994 80
595 402
982 706
815 567
389 656
119 581
129 606
201 999
566 90
142 903
500 743
951 610
889 57
625 498
932 629
958 37
634 42
502 993
764 268
986 507
456 174
508 787
53 46
570 565
113 619
384 821
702 46
649 162
208 670
172 723
339 123
693 254
508 642
939 202
346 414
236 657
920 239
383 322
930 535
24 406
33 131
270 671
533 27
916 149
511 512
130 213
115 221
386 331
128 814
760 783
815 897
282 863
339 802
120 984
361 497
812 346
804 181
806 716
626 405
404 750
227 34
120 104
800 533
882 873
123 501
930 597
385 135
950 303
190 361
570 559
386 32
5 180
951 869
390 600
281 692
266 288
809 523
653 507
513 190
605 357
970 639
936 238
365 812
521 667
424 461
98 786
813 507
781 131
355 869
451 62
52 96
564 332
235 193
457 862
476 46
475 600
761 341
872 891
137 275
689 302
714 184
714 680
272 189
25 147
643 748
597 528
4 581
21 796
831 709
527 598
652 435
374 371
191 923
926 363
527 989
641 329
218 999
94 281
205 266
831 927
687 155
763 218
66 870
429 322
169 669
18 901
178 1000
97 372
422 533
198 112
924 137
560 315
971 852
29 877
977 203
285 323
710 923
140 522
339 320
357 520
362 458
883 501
476 37
460 158
441 688
465 873
82 761
438 116
460 107
342 335
325 781
180 203
625 319
145 994
576 160
167 944
99 582
580 450
926 793
289 677
216 287
307 533
127 459
695 510
510 303
865 377
167 1
13 106
940 263
623 217
601 96
233 503
621 17
401 886
470 213
887 249
687 986
39 947
765 743
434 665
400 710
91 920
114 283
191 294
649 951
917 477
135 382
339 364
785 180
228 999
661 210
365 757
4 587
3 48
483 857
248 509
671 583
739 685
357 267
982 475
470 250
308 193
145 289
175 544
654 488
98 959
513 846
831 909
915 935
191 180
530 203
396 502
287 810
533 531
932 733
491 647
57 619
343 627
132 294
812 123
889 285
101 204
728 240
540 814
747 598
584 884
713 797
71 709
349 37
925 788
776 966
478 132
596 303
915 970
424 199
837 30
530 288
35 898
218 870
739 212
913 821
352 691
746 774
192 683
355 149
29 598
278 411
670 913
926 535
103 2
998 121
879 147
458 733
24 756
759 435
188 709
687 182
691 905
801 396
361 15
272 616
420 657
148 638
972 371
921 402
115 56
80 246
888 323
808 856
872 669
894 638
47 9
620 692
457 78
714 189
641 831
781 909
865 418
185 349
60 607
774 178
649 377
189 317
248 412
154 759
856 742
618 909
784 712
640 178
577 572
71 851
916 39
477 408
614 694
388 469
18 371
121 759
746 412
652 350
207 69
350 791
879 822
109 151
990 373
422 934
186 695
563 582
399 683
45 890
172 902
464 804
49 383
875 55
695 406
182 133
92 315
113 301
167 886
601 903
478 231
224 135
6 261
110 816
449 629
779 87
140 993
92 637
516 15
958 191
222 232
632 260
208 833
390 788
83 153
146 737
527 905
487 252
70 44
396 791
469 486
915 436
786 477
420 11
349 678
370 32
480 443
575 957
409 318
542 32
967 544
948 129
585 456
894 66
772 471
56 356
440 537
77 935
722 412
215 960
262 763
659 393
33 670
236 21
471 659
937 928
184 392
848 74
921 260
149 128
329 684
135 699
997 940
136 928
49 574
516 855
527 865
87 483
785 792
607 985
21 294
481 512
814 502
724 731
800 924
907 976
103 606
752 389
950 365
812 979
616 212
942 411
618 248
232 435
840 178
269 328
380 128
286 847
163 762
184 288
635 704
276 398
984 594
253 889
127 332
687 790
944 80
357 554
567 129
452 882
275 803
47 901
54 15
735 431
202 345
310 750
134 489
430 611
191 656
7 304
10 532
579 518
672 617
717 562
381 667
94 1
459 113
166 717
137 879
462 836
504 464
541 555
950 293
715 922
97 745
721 44
5 310
191 456
45 724
262 858
953 552
649 106
23 1
698 654
54 472
149 129
650 877
295 289
154 124
47 188
432 374
710 546
161 969
717 382
916 847
133 669
578 369
101 899
374 409
247 901
122 305
694 86
949 622
970 176
284 326
695 140
310 656
459 118
828 936
577 498
812 562
561 408
154 46
245 778
92 356
655 937
964 757
227 556
514 453
982 46
18 43
404 90
708 326
497 690
336 752
5 906
790 868
524 937
587 956
533 712
200 532
106 261
73 419
40 467
614 162
740 150
795 798
406 230
421 768
355 263
801 126
711 535
433 4
542 80
363 240
364 642
368 816
60 304
977 394
354 424
462 185
744 96
843 29
102 821
103 185
566 100
713 811
200 317
953 76
475 318
700 256
683 312
190 344
526 843
281 15
397 301
843 965
473 626
735 782
150 551
441 601
831 209
83 495
111 265
330 731
912 570
415 921
127 387
279 507
734 178
826 876
441 348
149 147
354 903
343 749
282 974
708 486
368 920
505 306
190 369
834 258
365 411
849 757
977 854
154 260
372 499
248 12
31 606
307 875
415 10
269 941
202 709
991 189
169 782
958 14
264 705
39 194
105 361
415 332
326 619
695 398
167 869
186 746
994 175
795 895
834 814
338 331
661 700
196 701
83 561
53 992
990 323
166 252
739 10
36 536
482 33
359 199
717 759
967 927
562 40
936 326
829 602
756 942
163 282
988 212
811 677
853 570
103 634
482 992
640 313
431 976
436 863
254 446
918 693
208 669
829 715
26 648
522 821
726 914
707 188
449 873
836 771
707 791
931 730
434 106
177 423
474 118
185 74
392 781
793 395
613 709
255 587
191 974
70 282
548 238
313 185
970 600
168 722
557 104
685 947
868 405
872 582
449 510
584 218
12 1000
161 418
126 587
324 873
862 256
935 250
60 656
369 586
577 656
632 392
542 855
134 992
319 218
278 562
289 454
576 631
625 684
321 388
495 659
719 46
21 775
941 196
612 357
818 599
429 460
713 199
549 16
342 758
110 164
848 509
439 791
574 445
383 335
3 944
101 340
692 243
813 521
452 821
931 231
398 265
932 692
570 659
168 132
362 634
121 538
79 118
272 152
616 293
541 861
47 546
69 934
124 266
602 861
167 609
270 199
753 257
642 993
483 724
57 685
994 557
89 891
116 934
102 140
729 598
346 792
165 959
439 304
977 310
994 201
78 286
424 622
779 322
376 940
375 407
603 461
508 450
18 445
111 901
191 58
918 454
167 28
206 706
944 589
784 499
284 197
584 270
360 611
970 484
54 77
950 822
841 742
967 804
892 391
353 913
977 756
36 766
962 151
543 598
306 230
195 819
605 131
128 521
273 237
702 87
20 68
689 806
436 582
192 384
932 323
655 610
50 802
282 44
676 114
967 358
918 526
290 907
612 551
347 582
23 599
632 323
795 17
953 652
211 832
50 104
655 78
676 308
134 441
329 985
171 842
991 38
732 194
918 695
886 461
277 256
229 401
282 858
33 750
379 147
432 672
307 101
698 703
329 509
679 453
460 782
645 309
3 646
890 46
387 871
580 575
816 664
139 876
526 72
214 414
362 838
126 629
861 583
914 675
220 747
746 680
3 791
98 21
182 902
635 652
743 615
73 581
830 360
891 720
329 498
655 685
769 508
400 692
565 922
573 922
278 128
81 68
101 803
325 847
237 934
998 393
640 79
253 551
571 591
795 53
275 484
576 562
381 351
500 135
406 789
878 644
530 223
103 830
307 106
120 395
200 492
550 880
183 946
365 811
97 898
59 823
996 935
745 609
872 119
853 59
305 637
984 816
471 617
30 700
743 594
336 922
134 54
941 702
524 490
943 613
505 22
285 997
152 913
92 562
400 683
57 643
593 137
352 212
406 76
192 659
693 27
910 411
161 101
161 680
772 408
442 871
739 199
261 631
23 117
471 22
432 113
412 287
471 989
196 835
92 157
735 750
918 90
665 550
695 288
886 133
549 728
500 61
886 275
449 616
853 639
177 246
831 613
839 265
205 544
650 959
390 199
130 393
430 478
487 535
324 414
876 908
205 870
918 745
245 37
281 532
159 611
457 647
568 117
768 2
512 824
353 76
795 405
744 854
49 896
853 663
795 538
987 653
343 404
914 176
933 148
988 532
607 855
900 483
574 332
460 554
278 545
245 946
763 323
818 408
198 553
843 235
75 318
52 625
758 911
611 626
686 525
858 773
433 259
219 86
171 470
420 578
809 184
495 709
243 318
524 734
101 862
339 626
584 919
968 428
695 11
805 140
561 759
662 783
904 595
579 73
357 192
584 337
123 959
35 762
159 661
930 549
109 821
551 290
754 426
864 545
630 692
388 201
575 871
686 862
672 409
915 221
739 722
558 168
383 187
717 647
442 587
166 856
540 731
557 659
856 736
945 686
229 913
676 448
71 170
589 684
110 234
75 388
19 659
205 792
916 58
666 151
887 61
988 10
690 305
513 305
616 689
931 658
515 905
93 227
612 329
334 168
409 791
504 222
214 921
638 90
145 607
825 116
274 184
257 784
795 614
596 448
464 9
355 370
700 404
230 407
964 515
548 437
695 294
635 607
165 418
20 411
739 773
43 327
170 581
510 514
264 77
888 781
841 392
732 252
415 176
843 803
110 237
257 591
182 441
593 245
168 627
441 571
833 646
171 27
320 895
272 302
29 146
983 879
912 728
748 425
573 320
509 507
254 251
699 90
727 845
313 625
668 907
208 36
336 233
840 252
321 910
602 252
488 895
548 301
59 699
570 485
219 241
365 114
936 178
493 648
666 522
597 455
500 17
848 48
28 760
16 144
988 173
579 631
771 333
790 507
511 435
991 302
195 637
960 402
111 95
500 637
504 782
926 113
548 118
479 835
932 277
236 906
595 792
385 545
539 86
831 737
6 467
523 199
381 317
214 150
548 658
456 811
271 981
163 756
183 887
383 986
609 65
21 766
81 856
188 724
833 909
268 893
205 859
487 477
219 246
671 631
238 572
416 600
650 971
830 768
410 765
527 437
432 797
605 512
861 405
79 937
819 237
682 629
717 871
111 488
276 230
648 391
940 880
579 263
282 141
804 266
18 54
842 811
772 902
149 603
686 910
958 482
707 532
245 637
727 457
620 543
803 9
472 109
54 309
643 582
476 250
296 315
42 502
910 409
635 448
376 446
18 751
264 199
91 408
63 972
490 403
150 531
202 663
464 315
264 296
690 572
171 562
713 485
108 87
588 188
875 146
441 42
441 733
723 978
632 712
232 350
549 551
89 646
459 378
52 878
366 571
973 583
665 814
460 811
796 448
284 890
54 926
968 210
843 528
932 807
992 928
165 481
849 873
918 973
278 502
204 601
466 443
755 370
408 858
217 877
90 485
313 203
610 748
511 898
771 423
137 796
353 288
707 661
652 969
954 909
676 422
970 720
434 470
144 773
415 658
846 151
385 846
623 453
636 564
588 458
159 362
126 306
786 146
949 326
127 67
970 733
392 106
59 483
630 437
441 599
579 985
621 873
339 83
746 497
621 78
142 644
707 979
917 40
937 151
4 250
79 456
764 576
88 907
549 770
643 782
368 817
296 184
994 435
460 174
815 532
7 699
484 239
752 996
910 312
72 671
987 621
966 963
915 98
592 736
184 525
424 28
888 470
464 781
50 74
161 760
597 663
933 389
569 29
511 810
683 799
120 723
651 822
764 744
686 683
856 174
216 611
878 718
436 745
366 489
632 511
410 247
83 95
673 67
124 766
436 273
609 187
517 301
168 319
597 31
801 231
289 459
558 249
57 412
829 774
97 821
885 335
292 136
615 90
853 511
394 333
252 9
472 851
473 895
918 178
238 76
24 484
856 559
793 341
632 681
480 364
729 425
379 246
785 722
108 412
184 317
21 96
940 557
906 806
444 873
381 535
124 162
548 375
570 395
809 516
541 261
25 750
866 709
336 952
851 107
63 257
466 896
107 489
380 757
204 370
769 602
221 905
57 856
111 525
354 58
654 320
820 754
841 914
931 423
164 575
41 332
270 80
353 21
616 312
248 317
428 14
229 816
605 527
506 663
768 659
452 132
53 66
163 670
330 908
538 328
313 672
676 968
595 844
153 289
602 903
10 250
763 168
362 475
434 180
363 230
36 157
772 220
991 15
524 954
525 922
300 94
822 846
142 955
253 321
697 448
606 778
442 522
976 377
906 611
137 947
120 85
247 210
530 663
434 333
475 187
769 281
623 866
648 598
994 373
5 938
939 867
264 863
939 288
47 235
108 395
988 384
91 776
504 385
607 885
557 96
977 754
134 737
253 632
942 412
569 626
608 659
291 65
627 283
916 875
316 514
614 345
562 870
155 644
86 485
102 141
729 226
504 317
714 701
253 815
624 397
83 202
291 46
970 767
611 271
665 875
760 189
278 824
695 291
403 590
998 801
654 338
452 686
641 4
352 747
113 131
370 787
760 44
190 793
23 281
448 797
609 873
70 819
622 892
997 423
946 1000
717 205
918 438
25 261
487 278
279 318
874 857
180 613
306 294
566 839
884 747
36 131
300 68
990 452
961 340
851 1000
478 745
272 536
924 953
858 993
434 57
967 353
163 644
661 188
929 298
795 473
679 976
580 471
764 604
891 587
470 220
730 40
893 699
588 745
97 194
494 956
462 431
135 557
410 538
430 164
159 357
490 293
970 953
437 318
22 811
848 123
723 684
444 448
818 245
476 136
298 414
400 246
509 294
828 469
971 791
518 989
668 880
408 305
711 781
433 852
376 553
987 912
969 701
876 927
608 784
254 543
368 986
22 742
350 787
867 346
447 778
