1000 9880
746 447
450 144
117 504
15 376
200 471
517 902
721 107
460 25
759 727
264 884
29 44
548 728
678 667
471 763
781 987
669 124
92 683
584 652
878 958
40 682
833 371
854 43
731 348
575 455
333 984
81 702
269 304
246 458
66 868
450 711
493 675
334 857
812 793
911 743
218 714
221 313
460 643
689 719
339 818
925 967
984 61
857 817
108 141
112 200
918 368
297 362
226 320
727 992
912 185
474 838
937 531
706 585
639 165
571 461
990 273
724 165
136 902
784 18
982 853
783 876
614 499
914 653
20 556
607 552
282 355
600 282
489 189
895 365
149 808
702 915
667 636
816 274
300 131
945 114
861 47
515 416
992 51
133 557
90 970
72 113
807 477
607 863
690 508
172 212
457 650
759 917
464 154
501 570
413 79
363 940
768 98
181 211
775 289
564 532
11 444
760 355
43 801
670 152
428 547
858 152
164 777
221 808
886 570
138 920
226 838
569 84
364 816
20 420
173 973
1000 312
144 740
739 149
756 797
544 389
503 268
611 733
39 686
286 258
464 516
598 187
467 423
729 56
579 829
658 4
342 997
164 461
919 367
852 818
209 848
733 171
30 838
843 145
633 837
378 808
956 532
786 129
343 927
282 583
983 751
279 667
219 514
994 380
245 346
687 311
214 795
250 576
607 524
535 227
251 342
706 847
72 143
434 522
478 835
29 575
432 55
894 75
876 690
716 863
465 582
475 203
455 416
662 344
785 646
517 683
319 187
859 926
162 98
181 134
203 594
495 474
815 955
708 169
105 372
696 561
234 528
987 114
272 893
523 244
393 31
968 901
53 109
309 147
863 604
20 346
163 270
171 158
484 943
105 406
768 364
772 684
609 774
268 963
416 54
401 294
901 81
597 322
834 20
82 785
601 775
503 355
991 222
167 392
227 101
688 753
601 176
618 894
251 379
914 111
697 645
339 652
984 215
572 486
330 969
847 556
335 376
62 384
563 157
508 924
625 372
164 368
666 670
173 510
892 710
487 226
843 266
277 416
718 868
27 857
325 84
329 17
40 476
538 327
371 426
832 936
552 55
550 742
168 288
192 422
345 233
898 206
917 338
521 921
576 476
614 260
120 72
407 624
153 430
159 128
626 705
565 805
236 885
596 365
738 723
978 194
129 942
820 673
732 501
24 44
409 630
393 857
893 38
405 787
414 225
788 4
73 545
238 485
958 994
320 818
125 781
767 674
313 131
206 758
483 303
932 836
510 808
223 273
460 69
869 127
686 815
103 939
342 97
604 588
481 963
498 867
691 624
359 934
180 235
721 441
947 263
800 968
543 896
213 109
910 445
624 652
57 977
900 115
630 406
782 123
946 63
255 375
700 704
596 401
355 293
420 397
430 337
503 613
251 500
482 937
472 455
625 135
164 261
809 968
627 849
544 171
126 627
183 664
518 883
117 404
110 967
790 275
594 624
340 292
490 393
736 481
933 265
934 594
149 762
760 487
297 559
727 829
620 819
306 295
92 500
899 262
149 875
944 685
410 377
603 992
932 454
366 638
572 957
116 97
949 826
102 20
686 852
699 34
594 180
758 579
933 526
449 995
429 333
747 478
698 246
441 135
595 866
945 823
33 349
620 759
457 749
315 539
299 254
919 928
6 507
618 355
475 635
345 509
473 304
153 764
608 309
536 18
891 156
613 44
480 952
690 807
911 189
717 254
955 713
906 287
413 317
416 15
161 277
181 769
411 787
338 944
542 266
375 450
621 499
556 610
133 319
355 99
467 541
13 985
536 974
522 673
834 207
875 505
839 98
198 366
53 537
700 740
296 226
522 560
887 374
355 321
763 332
839 270
911 742
499 906
282 172
818 810
52 598
148 789
330 144
240 356
227 744
215 341
430 79
657 505
788 869
330 227
500 151
415 430
453 231
311 201
956 130
23 821
61 482
69 199
14 936
862 748
277 186
25 401
49 43
842 376
71 862
797 932
10 342
615 44
141 620
515 419
681 591
77 366
244 702
837 308
309 363
643 900
902 496
929 665
176 144
694 118
200 278
112 962
494 712
723 518
417 11
897 257
76 264
644 100
910 21
99 710
831 25
137 485
87 377
643 815
458 555
848 95
885 924
583 761
678 791
881 409
347 517
294 12
731 699
345 100
734 526
239 928
200 869
464 630
561 179
857 193
291 743
22 629
559 301
545 812
198 330
238 571
174 803
31 638
296 109
574 256
387 438
596 595
251 744
793 564
260 607
689 635
456 738
40 481
775 525
121 250
818 48
193 694
568 934
809 476
866 663
196 386
639 373
561 508
410 544
30 779
936 616
955 196
314 196
388 707
10 221
395 269
958 67
628 163
629 918
171 354
600 644
489 331
415 346
863 953
954 903
849 219
78 311
246 853
854 660
566 24
149 456
958 854
561 952
302 986
945 601
346 998
792 244
51 583
364 646
994 525
649 446
118 445
137 146
627 681
220 785
829 701
406 751
815 510
947 814
329 587
221 557
403 672
186 784
151 774
892 824
621 76
288 224
416 789
218 609
188 265
174 716
183 518
790 554
2 74
316 165
706 381
544 128
999 928
356 678
182 730
623 736
365 560
442 639
244 903
691 64
198 80
899 15
60 17
601 371
987 666
550 660
718 730
274 915
891 262
53 186
12 101
35 194
868 116
37 432
844 768
442 192
940 711
387 705
637 523
784 91
549 469
810 771
426 732
425 291
966 646
955 115
701 619
816 219
230 141
582 438
287 862
291 283
484 794
985 869
767 591
990 547
738 835
798 249
157 239
584 37
788 439
356 81
907 291
124 469
768 43
309 69
366 14
518 123
497 237
820 887
696 701
930 457
772 754
259 961
686 812
470 427
143 115
703 161
937 582
534 81
778 318
372 953
325 721
768 504
477 566
325 610
791 645
792 541
649 180
549 523
138 691
839 121
398 833
39 625
298 445
156 819
734 480
423 509
792 827
153 563
430 449
571 709
329 210
936 454
4 510
904 804
780 335
230 658
122 507
748 91
417 855
808 128
383 496
165 781
222 822
101 655
136 541
874 385
767 94
788 817
1 385
292 128
704 64
904 514
233 424
112 830
606 875
899 265
974 975
685 360
652 119
46 482
158 760
340 763
343 461
370 578
595 7
832 851
122 154
48 194
380 687
599 708
211 767
924 123
72 87
21 386
557 80
405 803
793 330
479 619
671 361
142 601
713 419
368 988
39 243
507 483
425 945
471 260
4 745
264 886
138 787
565 904
344 90
988 513
366 405
756 613
152 651
464 365
372 878
194 26
820 250
837 804
420 712
705 654
868 206
852 715
156 194
360 957
330 733
937 307
706 16
232 256
461 19
290 779
238 941
277 803
633 589
28 187
851 503
395 664
517 489
496 395
114 598
106 710
2 397
661 970
867 253
207 324
300 682
675 165
486 645
400 208
663 177
887 663
359 30
932 604
700 442
225 30
313 430
448 891
907 643
378 756
14 574
352 391
979 98
323 518
875 981
399 328
163 81
480 59
779 267
961 684
637 563
653 302
505 600
58 456
349 343
585 473
733 573
741 710
220 656
17 792
76 259
570 478
870 389
998 334
836 477
604 241
430 28
917 220
977 449
544 876
262 995
945 675
573 975
428 398
379 216
189 762
15 350
309 189
241 223
406 873
268 842
676 788
273 740
178 585
47 990
484 772
602 99
730 92
837 792
472 836
21 971
946 596
104 271
566 633
787 124
574 84
339 517
484 634
435 22
520 400
577 193
964 947
142 147
805 497
420 849
57 633
245 228
961 211
800 223
587 57
970 131
623 719
991 299
596 313
101 997
140 295
516 704
168 40
761 239
596 976
533 697
611 877
475 471
889 19
253 908
309 906
40 369
940 732
250 590
343 767
434 697
250 506
847 63
337 450
603 152
306 639
948 946
589 596
849 655
125 596
166 979
101 266
34 341
330 556
183 308
101 155
464 325
417 576
287 778
73 698
419 386
81 231
172 186
323 62
877 635
510 592
862 773
944 178
945 719
967 654
238 446
518 156
164 786
851 741
618 696
985 603
971 472
807 182
294 335
42 508
742 585
514 100
668 463
173 935
265 420
904 221
749 244
346 825
584 597
841 638
915 463
829 301
151 769
152 993
820 464
145 168
588 916
934 104
882 697
227 500
924 438
213 169
739 401
447 686
245 248
873 515
400 137
31 47
869 879
722 832
386 563
454 495
605 86
596 204
925 830
947 282
641 987
715 726
878 774
615 521
864 80
615 881
678 919
20 631
188 829
513 434
975 324
1 326
387 593
803 89
822 343
132 851
606 686
845 974
183 235
59 953
645 978
499 46
466 861
339 409
858 619
84 603
823 955
699 137
280 41
558 316
542 961
693 603
641 48
471 29
953 262
437 157
326 338
744 413
587 889
648 707
562 523
983 23
59 613
850 680
660 985
78 562
426 51
544 626
906 377
83 571
657 693
712 424
242 267
761 777
319 669
506 840
74 592
717 323
541 204
504 653
160 105
10 130
273 974
424 334
313 755
632 861
122 183
938 859
636 940
250 83
359 279
364 175
576 975
339 879
614 779
887 285
246 143
339 795
947 88
17 227
852 219
123 545
1 535
53 854
791 72
667 198
210 871
525 28
50 252
325 54
305 678
787 737
511 287
370 865
740 775
10 606
374 525
984 753
579 690
93 939
774 660
706 770
301 94
598 796
603 994
306 436
54 830
883 402
556 468
149 986
577 535
235 761
949 515
646 749
522 471
63 949
409 822
907 19
567 101
551 672
770 265
96 334
962 545
362 455
141 808
949 129
110 355
993 674
979 626
194 748
664 218
519 164
152 494
741 20
506 583
712 230
3 342
704 858
155 590
816 772
747 796
786 932
626 167
256 459
591 679
324 906
569 371
132 197
498 901
470 295
679 145
331 111
48 843
657 947
294 308
867 30
152 985
523 762
875 507
251 293
776 46
407 16
304 735
359 315
70 938
992 684
187 650
114 934
425 785
890 71
760 445
490 713
364 290
438 569
430 194
828 241
864 523
909 80
168 220
528 364
286 524
425 604
158 586
880 942
455 808
816 390
150 297
493 39
779 411
234 246
92 248
422 937
404 172
298 619
784 322
863 822
441 161
404 19
300 412
618 419
86 629
324 298
684 539
115 423
53 292
294 465
655 217
446 236
87 138
966 260
82 859
368 584
755 356
630 784
901 344
868 909
874 907
1000 29
910 686
124 141
291 12
544 698
670 302
506 405
532 331
471 521
347 519
898 909
631 239
463 649
389 790
212 655
912 845
625 857
919 394
556 576
514 464
999 728
88 772
839 435
861 663
542 349
247 201
273 39
739 116
408 826
154 290
598 297
195 774
623 718
607 181
549 437
482 870
821 759
435 420
460 817
942 405
637 771
819 458
993 451
633 932
249 947
287 177
182 393
555 929
240 538
774 717
371 320
819 940
863 491
799 298
36 198
663 299
870 245
875 833
567 143
292 959
810 956
945 915
230 231
744 894
306 719
932 367
515 385
262 162
543 55
929 487
171 749
950 95
661 24
298 734
962 617
385 390
349 973
298 865
390 145
216 746
750 363
915 786
422 262
133 945
225 816
264 672
82 603
142 641
125 983
761 899
523 326
577 130
910 650
130 840
42 396
31 340
489 901
454 913
881 443
20 443
80 358
482 454
797 157
765 521
850 957
769 996
826 767
463 530
834 130
145 175
422 595
98 137
446 599
322 449
880 475
517 288
95 308
978 968
64 136
616 485
246 160
34 46
606 192
239 793
511 4
680 890
853 361
122 894
732 622
36 949
588 714
810 604
559 59
600 8
835 931
13 419
550 650
956 991
170 846
27 715
693 998
141 383
642 420
537 650
956 324
249 824
968 266
22 445
832 841
82 104
964 196
941 442
210 196
393 636
46 678
712 926
529 568
197 986
456 220
664 801
911 609
760 906
353 564
208 191
738 833
870 619
500 572
158 94
470 860
552 517
828 946
262 936
950 372
301 590
600 997
666 690
927 629
901 271
884 457
171 110
119 300
533 340
301 383
717 168
494 291
441 661
981 787
307 616
865 826
791 534
422 159
338 858
207 996
47 774
564 156
506 484
51 549
517 98
369 868
575 316
743 234
138 689
711 172
71 13
364 25
496 97
478 17
100 611
588 776
705 507
84 223
535 33
213 121
217 442
400 246
454 441
202 46
476 385
114 786
406 444
335 462
249 9
44 508
644 808
993 410
502 452
782 698
36 56
753 570
790 129
671 646
896 660
456 395
662 79
135 818
874 161
762 322
842 323
685 247
832 853
927 78
456 364
902 376
998 209
111 920
612 595
920 677
262 106
814 711
395 343
570 427
845 211
439 518
479 597
959 351
119 530
39 237
613 216
137 381
1000 147
104 1000
233 670
379 318
716 727
879 133
898 644
829 912
240 297
449 300
881 353
114 400
385 744
133 26
281 815
378 493
161 321
380 307
237 86
204 97
668 304
616 97
337 512
783 25
930 511
420 601
203 91
269 569
190 935
212 731
817 911
677 447
199 47
274 386
384 301
51 269
912 512
415 599
539 291
880 483
592 439
924 366
729 194
982 540
325 247
2 314
207 247
520 750
11 552
396 102
865 371
910 404
262 295
931 888
624 198
163 450
455 922
847 436
532 398
503 910
701 719
461 682
512 896
65 92
811 764
888 25
963 457
73 316
693 752
713 146
127 576
789 205
974 203
940 943
558 266
267 223
819 986
822 399
881 961
55 276
349 631
581 945
979 672
176 147
711 893
983 248
175 943
968 143
238 305
602 342
348 433
519 122
607 978
427 34
932 953
397 464
846 803
315 937
485 329
488 419
52 300
697 177
88 949
575 176
998 569
967 970
308 69
751 979
826 390
959 166
851 809
624 642
15 126
678 778
56 5
631 238
668 276
580 166
651 590
981 971
285 964
414 760
716 40
700 933
104 816
100 965
479 553
913 308
240 192
369 812
523 31
423 715
450 634
585 716
145 83
535 714
72 430
900 453
615 536
912 507
932 572
587 59
735 899
791 941
425 780
852 173
174 913
469 603
311 264
97 132
245 4
691 150
867 247
496 742
136 725
126 360
244 243
872 828
323 740
305 706
631 813
361 458
325 303
770 428
704 574
538 944
741 663
832 669
984 738
229 323
257 432
42 934
413 92
650 697
834 692
281 314
341 746
968 92
327 971
343 61
260 638
370 253
365 729
67 39
731 220
159 607
698 399
661 249
590 145
943 155
851 743
484 964
868 930
919 781
471 703
221 776
593 509
77 804
698 730
136 202
501 552
708 986
820 188
913 502
626 127
40 614
847 869
947 259
384 792
929 780
180 130
532 479
825 339
368 418
209 662
908 702
636 795
769 349
711 203
288 227
472 64
389 921
697 649
38 435
558 714
578 156
136 439
299 933
486 609
838 714
967 498
182 814
678 99
165 52
409 334
136 262
283 425
389 717
583 179
663 251
260 574
279 242
599 63
255 147
298 17
550 538
97 386
634 347
157 680
31 147
219 915
400 855
665 237
667 907
318 965
374 961
417 500
490 194
418 935
906 848
305 351
186 42
370 319
206 937
825 721
592 580
681 789
719 757
962 586
530 774
267 884
452 440
632 637
113 752
955 451
261 350
375 848
768 46
822 145
968 634
404 298
576 400
247 282
428 592
410 967
531 769
659 308
378 317
632 674
954 760
848 395
958 192
621 378
217 844
273 674
863 717
424 530
835 292
325 734
911 123
513 568
147 998
557 719
390 331
553 644
868 267
27 253
834 231
907 881
431 23
35 726
401 32
330 902
421 45
792 655
880 504
738 444
694 563
23 478
446 274
100 755
247 636
177 433
936 457
711 290
500 264
227 752
876 958
472 181
852 84
269 860
608 560
900 578
329 913
754 933
727 686
654 736
982 510
933 758
315 448
250 815
979 937
581 37
822 305
695 61
974 195
958 721
435 105
390 429
656 275
425 120
985 84
594 67
777 737
353 599
836 4
214 400
784 503
399 262
536 376
78 195
484 190
110 208
609 759
669 341
220 519
424 976
722 449
138 798
858 129
808 886
897 475
426 21
140 580
413 313
541 61
834 41
378 349
938 27
8 92
942 963
1000 336
89 23
447 377
678 969
640 975
791 682
481 717
479 462
360 606
736 837
199 959
311 513
4 191
957 15
243 907
669 699
621 162
549 965
790 465
204 550
264 403
122 427
250 228
273 347
330 156
663 178
779 977
123 975
163 372
400 98
37 275
22 169
706 578
799 419
875 57
417 737
985 993
316 101
867 557
338 165
672 589
12 38
895 411
842 277
651 505
944 333
140 834
534 22
295 550
686 205
249 608
654 879
81 879
443 384
305 359
141 761
309 375
720 578
276 96
759 995
280 99
997 954
253 697
195 112
585 312
414 146
664 137
495 461
621 911
272 790
536 451
650 119
745 830
561 912
828 100
612 293
997 237
411 710
138 818
391 540
349 387
191 267
674 819
582 968
919 535
649 23
722 711
44 810
216 332
570 627
990 664
437 568
243 841
339 518
473 204
369 803
387 156
481 745
777 260
528 910
583 936
31 853
477 797
758 438
696 842
895 891
578 461
937 95
577 480
540 236
118 896
676 508
127 82
934 956
39 792
408 730
583 263
142 845
462 948
364 407
684 950
794 146
706 934
766 718
455 889
520 958
206 257
83 54
984 683
343 760
348 82
420 359
559 756
585 105
508 424
21 229
131 637
975 356
728 607
103 361
654 843
542 466
400 522
811 616
316 637
201 203
253 461
168 645
371 958
320 956
119 548
194 925
600 648
655 568
252 139
234 394
751 163
238 466
954 899
775 243
262 962
275 437
361 298
974 369
775 256
579 387
410 992
385 135
949 61
733 662
113 821
609 936
264 817
281 885
998 730
602 211
216 522
802 273
656 113
240 432
901 459
830 483
688 392
906 467
532 361
436 134
165 320
669 976
561 751
303 214
804 873
381 840
659 102
643 557
296 384
479 497
635 103
523 550
97 685
911 772
293 125
179 122
327 81
536 697
701 193
126 600
425 879
799 581
675 587
13 80
316 934
255 13
738 57
645 539
739 368
465 571
953 990
790 251
921 371
177 216
823 353
861 46
455 861
67 569
710 989
750 862
434 600
254 41
951 477
755 708
67 710
50 904
380 647
642 196
935 585
242 608
667 571
817 106
883 217
811 596
295 383
698 205
487 899
897 163
493 450
438 333
885 540
860 302
509 824
113 759
129 842
462 758
64 141
67 2
103 704
807 198
313 134
132 462
519 210
613 51
643 986
474 179
919 889
460 66
134 263
962 156
856 903
546 544
293 686
539 650
946 648
421 202
817 865
35 840
151 197
652 713
856 340
770 668
635 496
356 759
250 94
18 801
749 392
875 383
951 972
257 736
809 51
44 808
923 87
50 409
108 102
561 929
139 597
710 140
144 237
254 280
535 467
187 321
501 928
830 565
745 751
466 504
118 86
875 92
235 947
975 137
260 674
232 837
932 124
831 846
79 245
376 100
77 500
153 28
465 338
306 514
654 151
614 180
462 385
618 59
340 997
607 865
334 255
698 98
720 502
718 97
167 805
78 192
519 129
911 267
823 559
755 141
186 656
7 994
636 408
642 671
437 257
26 988
354 481
464 353
263 645
730 68
234 887
61 742
85 224
801 151
986 157
751 671
256 748
131 392
367 678
632 781
176 396
179 404
342 864
810 222
425 116
804 560
346 542
832 297
498 757
338 606
946 353
251 407
914 195
537 772
476 496
386 1000
596 289
814 472
412 564
977 811
114 820
761 215
462 520
658 847
809 201
258 65
352 300
153 813
500 156
121 225
365 809
308 795
516 448
643 790
45 920
121 338
12 39
468 481
399 673
606 843
990 611
629 234
741 992
118 609
548 64
788 567
475 372
992 90
901 880
996 690
932 88
226 724
805 982
34 333
607 820
977 283
836 234
16 991
830 324
538 690
224 786
957 886
580 215
836 121
803 368
368 877
673 844
640 179
471 439
111 156
683 375
498 115
704 204
177 910
897 437
241 859
361 276
833 567
889 832
565 1000
679 80
864 575
574 894
838 947
739 588
310 652
919 534
367 597
761 710
912 832
235 539
458 310
190 833
48 874
485 779
568 17
703 246
117 644
32 222
930 763
37 67
934 211
296 195
300 763
355 352
878 327
925 564
599 289
412 745
86 496
734 444
348 751
807 560
305 205
316 13
942 297
536 900
306 55
397 204
205 771
496 649
169 373
856 700
210 667
981 510
913 886
202 503
590 822
942 992
412 830
36 114
22 37
461 763
667 816
245 292
942 122
871 48
417 637
770 59
297 865
304 137
214 652
342 896
662 228
436 603
475 193
79 451
671 15
621 848
488 852
793 149
902 465
246 831
213 327
101 232
196 820
298 876
685 880
64 838
673 872
112 800
57 3
275 436
868 989
232 448
211 774
470 17
542 421
543 628
527 275
731 508
803 987
991 423
735 412
575 39
902 797
778 263
668 976
565 125
749 240
251 515
958 4
959 853
65 443
517 11
258 514
557 890
83 955
764 322
589 343
752 314
164 408
751 580
682 715
498 682
122 14
364 71
572 508
459 733
481 357
984 76
342 650
975 670
718 829
165 899
687 2
9 623
692 948
886 486
444 333
690 181
28 524
614 817
857 668
608 534
19 819
757 123
903 443
563 814
747 61
340 381
966 473
288 784
183 961
3 359
668 821
707 731
121 266
550 619
699 431
205 666
723 37
144 334
908 256
676 804
715 790
112 801
94 803
284 973
106 259
694 128
224 730
775 65
724 671
618 486
105 201
881 536
78 276
834 654
816 909
873 204
582 740
876 961
4 754
336 34
212 156
68 761
479 970
163 488
555 249
424 901
901 413
722 618
156 324
169 566
403 485
364 541
83 889
468 709
765 697
442 984
754 747
485 754
605 821
625 95
697 314
420 951
900 121
739 211
189 238
672 8
416 822
437 992
496 100
563 334
602 744
307 396
92 910
705 225
502 313
657 23
364 329
568 539
455 546
861 504
433 192
896 760
642 660
370 669
150 39
402 913
830 645
67 903
286 423
268 150
149 811
791 298
261 875
686 68
880 533
720 826
991 803
427 652
266 770
305 232
589 536
58 416
276 479
467 717
405 189
413 834
271 676
699 169
228 839
48 37
690 620
30 213
366 205
537 167
276 61
370 176
797 365
101 32
980 805
360 486
436 827
552 996
264 748
941 718
624 541
449 688
379 307
788 199
807 229
632 449
635 994
462 578
48 658
391 578
802 487
537 288
507 196
72 847
402 40
426 509
304 232
180 213
420 580
937 310
846 646
226 791
835 403
950 864
790 757
100 947
123 370
325 978
222 106
5 640
139 658
840 997
378 940
565 504
566 579
588 815
718 970
739 429
245 188
359 388
398 576
365 755
187 767
44 668
923 163
905 620
926 774
635 73
785 198
788 867
109 750
317 493
698 592
129 299
936 197
719 250
419 371
390 722
662 157
158 590
412 842
206 346
64 703
407 577
525 286
709 65
234 99
141 533
434 609
862 609
991 775
371 134
884 72
975 307
156 920
48 114
395 487
470 953
306 694
147 390
607 836
590 566
270 576
681 851
774 176
557 192
831 289
567 363
185 25
646 126
907 366
18 395
937 743
129 546
261 37
134 317
198 640
735 443
20 316
132 278
703 89
438 888
247 77
798 871
450 913
844 225
597 439
412 85
431 491
215 512
683 818
96 904
596 753
621 189
360 557
536 560
403 763
44 979
5 339
981 42
32 223
823 827
469 262
142 148
260 807
890 244
140 333
765 820
507 556
435 315
387 444
924 333
526 425
89 700
984 66
571 512
858 433
98 434
671 549
348 438
567 628
179 943
953 960
779 177
116 274
88 499
932 38
58 663
991 581
837 111
713 81
823 140
257 235
277 216
135 142
931 119
235 418
900 826
957 951
854 861
430 553
894 114
538 814
854 685
789 95
662 455
405 870
264 582
483 602
157 261
891 938
786 695
91 1
241 412
239 121
104 916
871 580
431 587
986 286
243 491
851 744
265 205
62 452
530 707
164 965
839 808
538 872
61 587
265 821
363 687
181 978
248 925
706 72
195 682
804 772
750 56
592 54
43 878
597 331
993 31
322 315
820 46
967 201
834 158
104 511
985 26
108 415
436 422
39 587
933 643
958 359
597 173
799 801
583 910
450 518
647 362
79 735
815 75
412 718
586 257
427 207
201 869
294 750
633 874
122 481
875 229
288 563
127 112
258 151
923 363
248 311
162 570
328 463
805 835
808 57
809 256
596 56
304 328
657 340
966 478
140 124
453 185
36 151
165 629
5 865
577 669
157 677
196 349
987 634
228 404
519 763
867 756
962 820
638 177
875 801
514 25
418 930
811 569
611 763
158 507
908 257
414 462
822 475
641 672
239 191
443 458
410 689
432 857
471 24
337 92
615 385
397 826
543 513
621 597
237 844
293 586
60 843
422 294
682 218
172 953
467 955
157 11
160 785
397 540
471 751
407 873
925 6
432 741
15 2
91 952
864 468
466 139
394 545
679 232
437 717
331 70
104 332
235 738
92 873
921 877
39 670
354 172
504 513
288 258
182 926
91 759
644 103
661 847
637 737
688 867
798 721
88 111
549 814
986 584
359 517
934 792
238 757
758 508
923 41
246 128
658 214
516 917
878 965
779 950
18 31
272 52
679 701
149 658
511 862
530 471
641 570
865 196
502 978
724 137
804 33
219 579
680 239
468 870
884 855
266 944
508 611
609 72
239 509
955 36
149 997
297 818
617 709
928 936
654 662
487 707
129 25
975 350
499 17
197 954
41 396
348 314
42 637
779 80
901 589
299 247
851 578
693 299
253 356
129 852
263 143
497 818
858 285
74 780
437 414
55 579
649 286
281 642
835 231
912 952
358 944
436 90
53 223
242 296
977 923
372 923
282 820
32 470
105 736
865 858
958 477
853 233
673 339
453 520
658 393
290 773
679 285
812 898
482 125
502 120
696 155
809 924
630 356
479 344
781 350
231 491
765 815
415 736
342 576
787 949
983 141
672 499
292 727
991 322
357 674
339 939
800 407
675 517
583 372
571 596
443 985
170 883
634 444
140 31
589 674
190 612
866 795
461 725
465 658
840 418
514 191
879 515
11 923
547 317
179 737
438 126
3 463
23 528
159 176
896 402
626 689
538 971
685 104
978 242
282 269
466 798
83 266
856 864
42 593
922 477
11 214
964 176
470 809
681 850
498 30
86 761
490 264
176 637
521 406
337 821
618 334
985 577
531 717
316 487
593 4
371 626
561 998
506 727
573 115
19 14
593 405
77 828
319 106
707 413
110 64
130 784
385 889
567 71
32 498
490 850
787 130
525 240
685 436
375 345
89 112
919 502
613 525
728 345
981 41
253 567
431 200
281 700
52 787
169 89
649 839
856 445
438 623
330 44
601 579
157 774
815 39
545 519
343 806
201 985
787 574
476 325
122 575
921 496
357 710
767 399
238 528
737 872
278 38
908 169
61 292
499 314
358 67
605 194
49 72
413 999
235 421
664 603
827 57
546 653
421 792
542 604
643 488
980 521
619 315
529 599
56 651
917 24
530 412
318 527
45 301
827 263
100 323
944 217
428 330
836 95
713 492
860 325
823 883
111 77
8 588
688 222
372 543
376 602
142 539
254 607
811 152
884 498
647 310
704 872
246 991
228 126
356 11
425 346
379 250
215 848
772 517
898 840
518 33
722 388
988 766
696 791
74 983
661 487
475 572
919 711
846 989
977 850
742 722
754 489
677 529
442 962
796 417
464 698
427 462
89 35
53 440
458 807
955 980
812 955
981 92
319 581
13 794
530 132
14 13
806 89
496 122
423 747
490 616
127 285
952 829
484 467
661 923
34 603
79 734
580 913
598 891
940 804
235 948
532 680
596 347
961 802
155 151
106 939
123 539
162 905
217 466
295 935
244 829
980 105
839 982
277 281
859 668
170 739
309 1000
384 465
348 898
455 862
704 234
980 335
361 281
89 810
272 262
457 782
81 906
525 293
379 749
90 616
556 340
760 32
797 613
245 600
413 892
31 445
91 647
736 25
902 288
466 998
820 681
555 588
370 138
580 41
963 163
160 564
34 85
716 601
95 556
224 587
794 587
891 453
419 642
403 9
48 744
950 713
928 279
234 798
570 980
274 249
38 870
590 403
886 634
188 920
321 178
322 237
730 30
804 825
937 472
892 520
204 201
226 881
921 20
942 674
673 438
969 975
915 497
40 981
911 646
945 804
673 295
640 552
830 847
934 237
28 221
800 174
472 463
919 175
978 937
71 128
525 635
1000 933
529 482
734 122
628 921
26 349
687 32
727 983
528 759
140 229
69 281
110 975
382 848
363 800
576 227
81 699
922 915
460 886
101 648
400 154
853 761
148 607
793 870
650 825
596 93
603 843
963 136
98 605
797 807
444 433
410 321
486 220
839 728
788 542
93 982
367 299
470 544
522 465
813 78
849 62
140 212
480 551
702 734
884 229
390 990
449 916
821 341
290 124
590 51
918 634
501 936
547 860
77 53
224 599
63 230
102 584
881 651
901 366
540 546
725 618
265 4
657 762
345 374
843 723
510 844
539 762
336 159
198 565
455 158
497 492
647 540
412 115
15 150
273 787
644 294
277 955
901 145
320 466
511 175
838 628
456 818
753 12
357 746
522 681
466 665
731 629
271 478
999 336
187 531
10 750
321 809
70 940
45 610
264 407
691 16
965 657
197 295
514 491
740 963
883 681
535 496
594 588
153 818
164 769
210 837
362 152
272 160
226 387
207 16
135 791
970 810
664 721
934 705
480 50
580 429
301 188
162 258
272 334
662 223
349 336
25 10
120 136
393 558
376 242
196 37
720 695
906 788
841 825
438 959
517 702
96 352
774 295
912 672
188 688
780 908
105 246
717 295
63 181
858 335
894 641
254 544
612 338
613 231
775 280
891 397
105 272
548 662
347 383
394 388
233 628
281 906
467 739
753 206
882 938
901 100
212 644
687 567
66 191
325 658
307 187
570 767
611 329
773 954
905 242
835 625
584 911
288 220
790 663
147 659
520 407
4 8
776 97
703 398
725 66
191 634
620 280
621 241
40 828
887 338
247 947
658 140
843 136
147 625
277 546
143 317
670 895
531 471
681 70
370 961
278 180
170 965
527 515
811 725
54 559
861 853
718 710
679 836
794 158
614 567
939 923
671 692
122 437
841 153
56 998
383 262
154 224
490 88
681 753
844 875
205 755
480 478
525 256
289 568
879 663
478 840
599 532
980 522
769 231
42 931
370 276
872 622
376 893
968 65
436 735
858 581
112 919
941 370
10 84
637 419
730 711
523 158
79 544
307 731
950 371
111 189
224 543
975 932
816 883
447 223
216 671
787 338
94 640
664 391
156 355
184 108
973 281
631 344
796 307
579 165
998 681
786 889
250 290
825 229
511 718
702 189
939 285
964 760
968 763
691 317
14 18
477 716
369 963
207 487
47 78
298 706
572 511
899 857
791 863
978 962
852 863
464 872
981 189
362 431
143 584
202 52
866 15
792 854
279 152
542 708
286 684
235 68
683 732
836 730
604 518
178 412
417 828
89 527
733 334
870 375
438 874
745 640
71 333
446 965
875 5
567 971
754 954
192 447
837 65
344 746
410 413
853 951
784 226
344 665
129 51
628 923
206 3
814 834
708 321
429 352
811 584
168 726
685 943
431 779
346 305
362 551
696 426
247 352
768 35
756 666
295 46
261 234
347 423
720 187
406 808
848 677
194 14
981 492
311 997
129 665
242 258
63 304
138 601
895 763
631 173
502 995
10 68
209 757
967 60
39 617
922 591
226 80
433 394
783 350
753 833
114 957
256 272
245 165
961 156
245 417
943 36
17 228
515 869
439 261
352 661
832 239
300 589
912 343
718 655
760 385
667 223
887 568
196 669
468 346
767 70
921 344
705 433
101 536
227 981
525 102
33 808
490 1
988 256
572 967
22 480
288 942
733 116
625 843
76 857
58 316
261 761
823 357
653 403
638 211
200 5
902 370
685 2
387 963
462 389
466 824
84 639
202 974
349 621
405 811
872 678
708 52
621 789
140 520
912 817
110 362
59 696
778 268
431 924
931 508
254 517
665 264
446 406
320 791
411 576
727 94
831 885
821 405
366 50
204 441
21 733
761 972
8 660
744 158
765 376
695 621
246 695
855 875
656 107
276 636
498 956
959 793
816 537
583 669
441 548
304 1000
235 704
416 998
53 511
596 591
218 545
715 757
153 614
759 130
482 234
28 290
946 285
382 915
662 545
696 597
575 572
669 551
876 109
408 707
779 980
453 93
650 843
297 481
652 301
527 607
419 82
260 642
652 188
432 63
148 483
331 799
98 638
563 664
569 859
126 80
3 561
666 147
410 469
856 458
215 266
399 579
654 793
759 841
297 957
766 147
676 895
498 304
508 214
238 315
547 891
986 313
750 342
396 789
418 317
826 174
993 695
833 666
337 811
11 438
51 709
177 898
215 846
290 355
109 472
535 796
591 640
705 753
958 157
664 330
818 888
186 914
317 380
415 787
329 598
592 220
904 168
562 956
619 693
877 245
92 851
554 40
353 441
762 855
853 124
962 530
14 422
566 659
861 513
661 901
829 483
230 624
305 651
992 591
365 579
575 592
505 448
967 298
918 298
477 58
494 904
559 44
74 472
804 20
793 861
921 272
281 113
889 132
338 130
853 545
149 233
287 79
148 391
537 971
59 36
991 983
188 896
262 379
870 236
504 469
744 592
206 36
528 252
935 561
2 719
385 253
958 658
79 463
590 160
250 923
215 159
91 405
57 293
208 343
815 988
372 490
927 802
911 425
915 938
418 238
510 600
745 1
484 115
836 488
788 11
160 776
582 783
859 182
18 490
200 537
953 61
60 785
794 791
64 77
750 76
329 784
271 93
422 300
552 237
62 114
523 460
446 493
104 196
600 985
164 19
735 297
497 427
961 484
941 838
449 8
69 751
160 69
532 485
696 293
532 6
78 875
587 511
588 908
285 252
568 416
715 19
992 764
151 255
923 78
726 881
305 683
678 244
292 439
884 553
837 922
743 470
944 524
193 478
714 168
204 492
738 50
27 851
871 370
141 231
18 626
314 685
917 684
460 931
173 150
378 564
955 707
408 473
390 665
871 80
606 775
497 719
149 974
6 969
337 294
29 616
799 132
159 229
241 706
174 465
629 863
766 88
15 986
876 648
382 321
974 5
245 983
927 881
234 344
860 180
458 980
901 598
102 247
799 19
362 548
493 334
663 776
650 441
815 865
727 181
215 897
551 875
629 227
440 405
901 264
780 699
103 844
660 993
54 432
851 886
946 818
55 798
282 666
197 399
156 247
782 295
473 109
701 429
977 973
691 747
855 932
930 605
627 573
939 393
977 606
373 893
209 756
356 621
123 362
895 984
92 795
639 723
56 289
903 983
182 780
348 572
615 606
374 456
981 336
697 905
662 757
500 278
785 222
761 175
174 409
692 571
560 681
425 616
282 483
343 718
552 29
310 317
280 704
837 36
585 91
314 931
809 880
543 214
222 479
116 154
137 571
615 192
428 238
546 457
954 98
99 218
972 257
819 884
738 892
135 262
431 927
397 859
509 727
419 723
707 132
29 944
955 594
601 570
323 284
752 698
713 644
143 41
518 495
702 280
502 802
730 65
398 409
401 331
517 173
21 958
82 828
516 706
830 15
65 151
230 875
610 909
421 122
563 174
411 60
458 241
577 109
709 632
82 308
892 546
752 213
300 387
98 59
446 993
31 541
476 380
645 461
620 107
665 360
224 380
260 764
245 474
128 626
466 104
55 222
862 730
274 867
871 558
841 989
140 308
94 836
558 418
467 282
390 496
263 2
391 73
417 438
167 904
167 742
314 54
907 314
817 181
250 900
713 356
492 797
163 775
972 535
226 186
737 382
704 609
176 138
655 546
99 530
11 344
93 175
613 229
651 776
535 440
473 282
453 980
293 527
591 530
777 882
781 810
484 958
892 19
837 894
430 85
475 725
521 373
743 920
544 690
122 930
85 286
692 490
768 266
381 643
511 724
720 19
834 7
906 392
730 212
489 802
597 703
595 546
743 894
615 773
873 708
804 962
142 233
345 312
368 12
722 995
90 76
199 921
274 368
147 514
761 75
994 419
886 253
779 789
852 837
265 627
105 908
970 136
878 529
424 44
903 684
740 530
943 223
71 496
421 705
62 717
14 624
553 130
776 447
328 266
980 199
987 741
540 510
81 530
686 17
366 428
768 622
344 528
476 21
263 667
600 449
964 237
550 979
993 790
637 351
720 661
738 706
975 275
867 954
462 450
309 341
99 929
6 159
347 554
870 350
945 885
820 583
630 711
111 78
648 720
918 544
8 591
216 754
185 57
683 342
910 312
974 379
445 631
172 977
674 864
345 259
173 20
953 60
11 889
78 479
252 470
398 422
551 164
94 529
42 116
316 635
958 190
155 703
717 781
422 107
942 914
688 541
895 598
309 491
900 130
100 788
967 90
641 293
860 938
204 902
249 283
457 358
207 406
321 791
568 272
736 754
648 209
824 40
373 43
546 911
529 91
587 826
771 34
774 903
369 700
636 726
231 18
435 569
37 469
828 32
491 372
762 300
399 887
871 83
874 181
747 193
784 85
509 142
477 336
478 667
427 679
543 253
728 658
789 157
996 631
341 511
998 45
67 349
470 906
400 620
3 665
613 458
836 138
633 614
964 100
966 926
953 269
368 859
284 633
176 338
566 67
91 97
987 366
276 149
370 24
498 37
778 115
321 904
708 240
251 871
471 378
916 485
612 276
777 825
67 153
626 184
873 416
775 499
445 237
510 466
941 792
503 171
51 474
93 67
91 557
717 817
701 428
99 486
320 457
28 58
564 100
322 283
584 634
142 54
438 730
114 729
207 596
129 206
283 108
127 429
716 254
724 833
994 504
960 264
688 871
728 276
288 373
899 183
558 600
445 289
786 287
143 942
19 628
629 590
463 141
508 810
533 663
473 601
559 141
641 574
552 143
455 942
752 24
6 648
740 776
377 95
233 406
675 331
2 995
990 432
889 835
619 486
231 788
73 398
664 615
131 554
542 520
101 504
232 241
380 673
107 153
768 884
200 150
770 286
171 279
648 328
923 804
817 281
766 196
489 376
256 55
497 933
580 8
263 332
160 595
142 551
90 796
920 77
318 292
265 184
543 277
285 37
752 812
270 395
807 224
864 954
91 875
811 114
333 746
337 751
319 811
53 219
181 790
844 250
510 962
27 432
428 849
506 401
568 140
90 336
787 106
476 825
777 384
271 426
330 850
148 668
151 832
526 180
620 311
611 12
5 651
49 523
31 655
527 778
867 496
456 531
574 275
867 231
923 9
743 392
959 735
670 774
305 754
783 557
307 284
169 596
112 196
455 620
247 472
284 326
33 287
352 290
992 874
481 130
712 409
778 422
158 544
322 850
681 265
934 629
666 511
443 74
186 198
913 686
272 321
145 981
310 393
23 556
690 299
569 970
936 631
613 433
23 669
409 793
85 872
965 500
793 821
510 467
992 446
498 395
119 285
431 973
582 519
732 432
281 576
546 204
217 578
698 499
20 219
601 740
543 265
860 672
511 744
4 695
172 637
419 954
915 223
902 811
635 882
599 151
985 359
638 619
587 759
364 804
475 271
216 365
877 8
800 924
3 579
661 673
352 787
770 504
165 183
440 907
26 591
822 374
292 270
630 324
909 393
89 278
52 654
592 395
460 731
227 47
389 721
763 466
356 772
748 6
987 966
364 383
854 802
773 635
922 935
154 461
204 295
913 872
956 202
978 654
338 241
28 597
177 181
415 119
757 18
978 289
317 625
414 309
288 889
880 963
44 306
147 878
767 894
269 639
73 326
253 154
936 964
665 138
278 759
526 197
832 422
36 446
236 773
600 736
214 608
270 694
487 916
238 362
185 862
612 531
243 208
216 993
683 312
370 245
547 793
752 997
823 764
459 425
228 122
15 388
772 513
267 194
169 620
80 49
560 363
981 661
497 968
203 829
423 816
190 5
94 417
596 675
173 814
427 450
963 660
380 482
381 791
476 737
187 894
204 816
756 837
5 289
48 780
503 484
881 448
401 60
204 903
297 99
960 301
597 168
144 986
252 923
951 993
259 59
813 896
631 921
881 930
654 208
32 879
509 865
252 778
861 916
53 727
439 290
928 56
44 722
373 42
780 350
287 382
588 707
61 349
5 352
509 427
18 624
899 393
286 589
841 186
17 245
499 282
373 509
512 977
188 93
733 109
813 469
816 327
528 75
552 321
646 767
483 671
214 541
977 13
861 378
7 64
436 702
898 407
846 65
831 279
154 647
326 183
466 629
603 348
659 606
841 583
972 747
742 769
357 493
323 149
791 753
7 77
464 493
581 542
473 337
56 492
259 970
526 524
124 206
342 125
773 305
806 268
618 932
985 351
380 407
113 52
61 844
958 42
669 909
229 662
485 764
344 448
930 603
326 304
493 801
29 415
88 965
246 531
52 800
933 358
274 294
826 779
316 237
762 909
890 198
230 943
636 934
144 966
661 955
853 660
880 825
454 438
790 444
248 489
362 273
707 511
509 478
918 447
718 658
46 65
987 508
690 83
891 574
286 542
189 411
71 584
511 257
675 330
213 663
555 992
956 353
353 796
962 994
121 296
638 327
568 873
993 236
594 168
43 434
499 20
376 841
909 631
91 430
552 716
77 207
11 161
498 503
206 828
299 234
634 827
176 383
929 279
937 892
773 398
149 420
445 589
138 183
177 923
15 335
163 728
42 299
337 861
551 158
437 266
865 772
459 206
336 147
946 724
375 82
566 505
931 945
117 919
599 355
838 985
531 3
346 711
424 645
556 598
246 340
595 804
526 778
138 715
801 281
821 854
882 868
921 844
835 550
964 834
344 75
752 376
308 686
769 852
960 277
658 331
912 392
565 450
334 807
218 735
543 228
865 424
38 322
832 351
544 195
514 487
217 413
348 689
386 914
406 81
689 587
945 417
514 884
914 476
398 757
130 111
788 146
634 441
887 537
926 923
257 784
243 861
956 150
357 911
434 648
970 854
883 459
597 533
547 288
607 684
132 954
297 785
79 20
370 492
392 662
286 54
203 724
516 771
224 809
668 826
371 938
937 145
682 650
756 319
314 278
858 331
802 402
380 138
950 282
825 667
981 752
622 130
950 693
771 307
100 232
686 883
204 190
556 683
136 166
911 955
751 696
477 627
87 704
566 839
853 121
632 176
553 341
338 573
823 208
763 356
726 872
162 783
344 214
154 674
375 918
312 564
120 637
925 958
40 94
207 210
120 748
818 85
503 839
116 280
373 375
980 193
728 922
947 440
931 799
384 458
934 662
576 94
206 265
334 322
908 53
124 914
440 977
936 822
535 246
23 962
580 397
541 897
301 156
286 368
343 353
275 513
222 678
888 62
357 133
777 720
23 672
137 625
120 279
807 500
917 148
298 708
315 750
335 739
375 982
980 756
567 468
146 528
627 121
258 898
462 738
375 839
926 176
813 598
164 196
5 937
322 706
462 525
856 772
656 896
15 371
632 511
684 165
726 345
982 183
730 916
930 338
807 56
475 563
916 494
981 773
306 152
89 181
930 453
455 98
973 481
27 379
155 302
251 153
911 927
223 87
826 567
209 653
755 357
375 312
51 158
89 87
886 172
743 749
288 363
342 530
75 181
320 60
411 151
933 38
922 777
687 11
546 909
595 265
47 424
838 812
515 922
403 872
795 442
32 648
107 2
205 604
793 653
887 961
102 138
84 641
159 81
525 105
442 71
651 313
870 143
447 682
358 499
50 896
205 356
296 512
978 36
979 773
817 98
121 621
876 651
494 786
663 551
333 128
704 572
206 277
340 824
557 488
527 416
626 581
143 802
537 204
333 17
803 305
197 738
682 578
241 434
976 811
781 910
73 957
495 370
726 266
416 129
808 899
109 2
660 851
207 816
723 994
282 665
228 381
800 837
347 601
4 942
276 715
652 882
635 170
138 724
964 728
821 881
753 27
769 990
754 308
757 627
649 160
83 604
49 924
764 381
782 68
754 391
921 736
957 226
545 365
528 974
657 238
31 809
326 467
735 957
256 981
23 465
687 958
47 479
253 758
697 910
425 691
524 745
463 143
127 642
550 349
178 992
370 773
261 946
80 791
819 268
164 127
560 684
577 706
780 165
725 687
73 276
656 223
602 823
344 603
201 246
461 700
961 281
766 409
288 930
115 177
888 7
561 423
98 203
728 563
21 37
918 797
897 384
816 243
447 351
396 527
842 555
387 852
79 591
358 761
733 899
315 534
580 10
618 453
251 660
323 227
821 352
220 617
833 932
858 231
911 275
255 885
328 538
260 359
76 572
138 775
178 728
967 984
569 473
371 525
906 256
873 947
488 367
472 884
308 26
146 397
362 748
605 915
265 489
817 820
458 236
566 617
575 501
834 81
998 964
621 119
182 973
213 859
867 11
8 212
597 127
383 842
431 50
644 65
350 38
238 667
872 718
887 762
835 839
218 902
718 102
861 987
588 693
986 518
541 745
690 229
800 429
735 578
595 352
44 554
638 390
757 591
767 102
14 522
110 863
979 630
421 329
404 994
866 789
371 369
995 619
175 637
278 894
720 417
236 908
884 32
950 437
414 505
822 490
881 878
988 6
443 411
376 870
105 104
840 21
306 689
293 857
310 169
760 972
228 866
140 552
520 974
93 584
944 996
228 241
475 778
136 673
342 361
146 700
589 232
256 132
275 416
739 711
793 419
632 373
428 386
510 770
459 284
647 345
501 681
910 693
807 23
385 706
886 564
360 935
501 602
691 518
929 909
40 628
493 966
80 373
961 284
523 565
165 826
252 88
734 763
956 529
630 440
795 917
928 429
890 285
854 176
729 428
425 88
613 567
541 314
100 606
528 903
212 368
909 310
765 860
630 346
942 710
374 388
343 847
862 121
614 718
5 638
191 839
641 858
970 6
737 753
477 54
422 443
776 467
999 145
47 260
680 77
912 147
243 618
827 992
934 516
206 415
102 284
728 923
987 742
474 991
366 737
535 128
59 203
586 168
571 340
511 425
157 587
62 797
370 369
129 42
257 29
168 592
425 275
803 54
716 845
608 78
681 918
519 434
320 535
893 931
620 669
556 181
738 688
996 444
889 708
821 311
204 287
242 934
582 752
16 721
56 862
59 597
9 360
122 739
543 751
985 679
677 825
548 695
695 544
244 59
534 998
361 286
707 677
566 996
445 997
303 507
674 253
33 227
90 500
401 391
95 869
556 761
642 47
319 877
97 641
920 724
856 722
882 819
251 152
41 330
721 472
635 126
181 622
153 10
57 560
934 458
28 247
840 981
782 24
991 612
928 896
913 557
61 121
529 463
178 183
397 151
382 943
19 605
990 647
61 234
784 795
870 162
767 472
194 643
991 640
597 889
411 436
766 640
843 393
607 432
448 959
123 895
988 313
261 895
499 284
409 4
620 844
490 185
879 577
438 137
976 736
889 789
653 362
33 609
50 897
847 148
261 529
771 624
340 729
500 656
980 666
488 184
696 245
557 240
500 519
229 79
232 189
532 603
203 620
646 942
486 298
284 747
97 19
90 182
189 546
975 903
501 752
651 853
375 219
361 856
509 529
293 708
864 512
601 595
158 502
829 611
891 150
65 855
401 252
402 79
352 878
940 178
854 181
477 698
43 720
193 227
912 543
932 538
715 162
41 55
74 393
437 793
596 278
724 323
562 674
190 8
946 197
553 61
383 22
739 262
827 955
645 614
390 607
373 189
139 477
330 320
370 661
847 421
334 264
310 808
767 380
106 171
178 268
235 325
292 772
535 200
847 74
560 572
300 255
903 683
72 870
870 602
281 222
963 470
654 665
642 161
461 925
401 662
102 913
765 207
382 353
534 354
594 57
498 354
483 522
674 353
323 85
38 660
270 620
16 635
56 568
38 760
720 495
281 617
416 448
769 460
674 32
458 839
494 121
783 138
868 782
75 686
643 912
842 925
111 240
274 727
484 902
910 734
110 56
682 857
635 875
726 134
359 875
252 281
125 517
446 425
733 702
420 588
496 218
369 172
869 535
247 135
138 713
468 848
296 321
672 44
655 477
550 13
792 757
190 235
527 791
565 448
166 405
48 640
81 644
356 867
911 613
700 472
321 589
344 794
952 729
267 268
50 148
657 388
396 488
288 737
128 630
738 361
351 763
886 337
504 79
177 31
16 155
862 734
19 992
757 428
171 569
906 572
357 798
90 699
917 412
956 502
6 917
889 235
712 882
931 807
452 181
685 745
663 457
516 894
774 398
975 315
957 796
228 924
428 206
447 370
604 87
825 678
612 634
479 557
81 246
834 556
194 911
711 886
379 393
487 962
327 617
366 241
917 239
725 822
454 959
854 666
133 833
389 471
229 232
142 689
901 332
356 237
414 965
77 619
845 351
773 130
815 635
104 237
335 882
587 744
327 429
717 869
54 805
429 393
288 99
786 158
968 709
678 912
381 880
75 429
995 236
436 458
110 933
377 310
784 530
969 538
236 15
979 465
175 220
944 462
605 535
550 440
563 439
511 20
403 993
421 869
411 314
484 596
71 492
904 550
613 651
849 990
919 66
986 818
457 57
370 444
303 606
754 912
72 815
804 96
911 988
365 898
115 851
850 226
490 213
242 626
22 284
650 733
979 875
712 878
681 917
833 942
723 366
851 293
569 596
806 859
8 996
741 382
52 501
971 745
940 164
778 91
137 337
124 455
642 570
997 166
637 159
964 433
786 593
273 546
327 371
94 650
77 840
507 242
109 439
755 509
955 783
260 463
890 604
377 519
402 104
578 497
942 918
670 385
928 224
527 56
587 357
859 472
95 26
479 507
317 12
48 783
126 868
622 873
18 939
701 358
630 308
26 430
502 187
711 77
87 855
757 959
979 478
112 176
168 98
277 576
243 187
749 700
370 799
328 503
634 808
205 943
903 434
80 956
638 479
759 914
864 264
206 363
478 524
45 983
434 590
399 736
737 111
242 519
940 836
854 774
600 417
323 858
50 958
569 918
418 954
113 667
75 812
340 971
246 210
225 541
7 189
870 495
907 115
324 455
343 101
971 772
552 610
717 280
441 229
923 973
118 962
113 749
590 73
131 949
846 247
686 604
603 462
185 89
741 116
906 155
858 813
800 761
928 302
394 582
507 51
15 10
199 281
860 757
536 803
129 659
683 84
406 925
668 288
887 172
899 524
367 660
117 545
176 393
472 184
435 44
753 25
960 669
243 779
104 451
70 808
695 971
844 263
313 697
443 614
960 268
819 195
344 225
866 186
478 172
889 267
356 840
276 988
939 827
140 156
329 173
135 977
748 472
733 428
662 1000
650 800
334 265
266 553
823 351
899 703
97 443
577 625
440 56
767 162
736 222
310 417
817 51
33 524
914 955
718 333
430 792
758 594
319 258
195 240
929 765
77 204
150 632
963 247
450 478
346 287
334 339
155 831
263 328
802 26
414 204
988 753
884 386
128 356
282 749
10 913
997 254
750 414
733 724
459 195
132 315
170 114
741 249
69 896
506 298
68 597
659 202
21 953
761 816
173 975
544 282
660 736
128 949
835 410
274 502
247 823
530 199
651 614
576 905
459 783
957 4
942 680
960 391
10 946
891 753
984 13
162 857
883 769
865 286
44 661
207 251
362 368
805 523
255 207
93 224
41 861
939 948
120 834
157 835
468 388
736 412
80 900
701 618
31 207
163 95
491 954
679 959
889 867
231 820
822 377
179 745
453 266
951 31
262 288
121 442
716 811
399 585
152 980
559 571
965 496
354 855
985 943
398 419
669 579
291 178
556 98
684 47
228 243
816 150
85 598
845 124
557 328
669 270
108 1000
20 342
851 836
484 955
325 950
716 382
397 489
555 56
84 345
830 498
227 155
190 109
946 759
381 670
4 977
981 991
583 895
658 338
967 220
380 474
74 669
754 235
732 503
645 104
946 473
873 719
379 522
627 219
94 235
939 85
574 209
79 605
260 153
762 849
209 823
31 734
69 535
621 234
536 680
979 464
961 173
464 899
922 816
524 732
227 676
448 183
273 316
612 554
731 972
277 412
254 986
451 649
433 182
474 810
218 976
25 348
463 502
840 631
602 890
257 881
439 105
280 654
254 56
509 78
20 720
24 659
850 227
842 399
890 103
681 523
454 293
921 52
158 845
788 332
898 284
933 479
974 51
633 499
945 799
360 265
592 362
917 145
508 88
745 122
581 772
306 802
644 506
65 613
543 344
565 816
7 843
789 824
522 69
835 22
263 545
581 550
109 293
203 928
679 712
759 367
461 488
228 501
61 691
573 995
907 611
476 846
996 130
501 429
262 517
708 605
322 304
584 579
753 124
421 172
373 867
160 458
226 71
407 254
853 26
446 576
396 620
282 67
52 767
625 139
681 137
494 844
254 378
653 851
503 518
696 458
790 404
496 336
614 744
871 283
84 63
839 825
252 885
24 930
176 207
634 397
373 167
853 749
446 781
196 672
178 407
589 951
537 740
79 117
615 871
749 989
698 529
2 24
408 479
878 112
576 300
315 432
458 583
780 158
971 985
845 960
235 347
496 875
244 505
448 718
182 51
884 137
463 746
512 354
270 662
16 529
189 862
480 590
320 915
507 359
916 115
829 814
42 672
803 211
375 804
307 572
845 4
977 148
449 99
787 375
293 706
103 987
696 827
226 662
423 976
282 740
617 479
946 703
564 242
414 175
517 196
702 64
498 994
564 97
151 822
584 639
400 438
588 95
973 531
166 926
246 511
283 99
130 955
574 233
207 448
208 546
83 718
84 381
32 784
960 444
870 659
246 153
448 64
641 791
115 107
472 326
759 126
154 414
2 218
679 692
776 493
995 739
743 321
102 331
329 614
321 528
305 939
420 460
316 301
597 652
836 948
516 614
350 204
159 54
645 563
213 49
37 726
847 197
340 943
484 509
391 99
362 977
664 923
519 350
182 928
979 802
284 948
250 874
604 77
555 531
348 307
721 815
650 357
813 215
202 308
656 670
784 483
537 173
39 597
546 165
731 227
958 910
410 956
566 211
5 161
816 818
194 250
468 525
158 321
748 857
855 864
471 123
262 562
468 739
325 678
838 304
96 998
209 697
84 435
156 64
456 598
995 67
617 85
62 366
908 634
394 812
984 154
456 905
912 396
783 443
531 338
917 885
313 837
409 390
423 473
943 193
187 265
353 225
248 265
600 94
429 844
925 839
70 900
786 461
62 682
619 155
626 537
897 651
408 488
292 744
664 729
315 395
797 771
248 86
513 500
625 872
58 475
663 650
64 568
585 458
14 746
996 564
903 40
71 271
574 726
290 41
538 835
480 647
194 909
157 311
125 227
59 733
299 202
337 915
708 166
638 803
215 982
72 320
863 986
612 346
208 128
252 17
91 221
574 666
939 11
741 139
542 436
880 164
412 137
820 830
553 66
368 725
664 290
354 408
835 347
602 114
267 743
87 510
146 492
114 312
498 987
912 699
215 538
695 876
496 248
886 981
544 406
586 497
165 178
807 711
477 736
832 401
193 169
766 830
415 574
363 249
348 627
240 76
807 596
634 148
562 665
834 338
892 604
573 806
861 907
734 427
827 519
886 102
407 955
308 940
535 447
848 681
631 726
486 803
178 496
179 953
880 794
329 100
221 14
598 628
231 117
14 997
163 493
970 999
662 913
689 853
214 808
75 678
993 191
332 998
904 350
253 255
314 101
371 108
10 378
215 295
822 501
715 871
817 76
902 317
524 327
818 146
671 240
366 800
431 371
738 847
78 148
704 579
416 411
931 300
327 591
38 518
849 203
9 284
999 108
270 469
56 865
772 639
275 449
673 214
233 719
967 524
806 394
490 76
321 138
815 680
533 936
194 440
412 237
341 817
488 635
39 398
223 189
578 348
315 671
411 815
108 755
15 161
716 498
610 621
256 560
496 149
961 509
1000 261
708 606
490 959
54 631
659 114
899 931
683 776
425 40
962 802
532 595
551 273
203 495
582 481
577 190
498 673
562 554
506 180
614 294
437 770
26 479
409 461
47 455
912 468
770 942
708 147
353 184
923 244
391 442
835 768
529 93
400 23
771 40
79 324
611 809
88 298
843 394
771 185
355 314
956 235
382 668
5 881
979 186
157 778
908 70
708 670
435 684
935 799
455 849
225 192
707 708
525 459
984 659
149 983
501 141
309 657
387 89
148 273
832 758
379 597
710 747
289 845
367 508
851 451
868 626
50 670
110 342
591 269
631 355
99 963
963 170
86 719
323 11
587 886
949 835
141 902
436 810
916 124
424 850
647 508
372 580
506 562
26 422
876 498
613 39
228 27
156 296
363 756
751 937
937 549
137 45
394 580
198 710
164 882
860 759
75 265
556 728
75 486
701 422
518 292
846 689
557 706
123 498
182 997
143 353
844 434
782 72
587 400
517 485
317 159
503 628
752 160
863 244
951 625
257 621
644 911
4 494
391 414
746 206
909 93
583 138
235 24
584 61
109 767
576 252
979 233
49 348
601 351
508 663
70 234
992 876
317 579
6 985
932 96
16 260
230 127
396 293
349 323
6 940
310 86
2 799
422 956
524 184
471 65
898 453
48 464
301 898
674 380
250 986
270 627
225 680
444 244
720 359
584 113
238 406
332 879
191 36
914 411
214 143
289 36
273 607
534 562
169 542
7 982
854 351
947 555
731 384
809 894
223 356
975 789
873 951
602 159
86 36
512 139
529 29
740 33
78 648
762 601
544 284
743 298
513 814
44 577
882 865
450 725
624 808
537 871
610 887
447 900
593 611
278 327
128 695
423 682
139 655
356 943
435 296
294 733
335 41
605 417
663 193
459 623
984 446
141 215
550 381
775 536
933 653
46 44
491 815
311 216
757 56
23 836
960 214
500 23
84 788
157 754
805 777
412 861
287 83
337 470
33 957
875 850
968 368
126 88
900 841
615 140
301 196
489 60
72 20
524 348
819 808
8 906
402 556
76 603
479 558
462 280
564 704
46 603
346 241
163 925
419 615
407 422
116 923
537 369
119 452
488 2
513 951
436 994
399 158
314 826
702 477
66 355
229 789
655 969
971 556
590 310
294 339
521 493
902 146
268 890
103 909
217 870
180 414
643 798
40 745
989 940
351 407
942 782
356 383
812 570
924 156
527 33
394 751
969 829
473 174
403 663
852 651
209 676
892 383
200 929
403 516
151 866
462 56
454 209
347 931
438 846
303 916
688 948
967 290
773 613
73 383
484 583
13 432
987 845
650 791
889 35
546 836
304 423
837 195
163 929
956 183
980 317
456 497
898 248
628 367
42 886
573 442
847 15
443 221
101 425
549 433
789 130
385 68
297 880
200 657
943 649
379 584
845 939
689 391
798 355
379 569
159 303
309 350
16 905
440 675
702 671
573 781
578 921
741 379
564 676
989 637
665 351
797 298
681 905
930 141
470 178
755 160
60 954
349 847
261 253
997 163
267 548
99 277
730 913
747 981
986 7
803 967
843 658
368 754
778 267
462 816
77 730
32 441
771 299
722 668
464 692
446 356
17 324
553 666
420 903
943 66
521 116
170 362
504 752
527 170
160 460
605 854
515 594
213 865
667 319
596 399
347 896
431 246
865 634
39 973
340 60
433 502
749 296
553 453
148 879
830 955
232 952
359 449
624 941
71 461
554 953
739 383
727 685
212 229
729 437
219 707
170 596
131 793
615 865
562 111
809 414
187 30
797 857
745 536
463 325
267 422
78 304
641 757
344 755
399 749
951 464
278 826
120 90
708 315
499 242
246 204
789 166
920 299
760 42
462 438
907 231
729 881
989 447
58 3
385 209
657 65
10 238
655 754
541 569
876 791
181 327
936 708
46 915
198 906
470 879
656 591
348 660
149 394
388 950
501 843
194 869
712 329
731 423
347 446
310 550
976 78
43 921
100 222
854 419
748 738
802 326
249 13
535 860
384 595
942 838
122 997
622 46
697 469
437 722
938 41
385 959
498 992
778 454
596 175
503 337
731 754
143 352
860 790
700 611
57 999
725 400
61 537
268 759
624 781
914 65
334 848
687 980
175 32
701 248
923 34
393 71
815 112
874 732
467 222
782 875
325 772
877 471
970 203
691 175
819 482
932 131
58 624
41 870
375 148
123 942
328 278
805 876
420 462
629 104
81 706
211 451
263 382
770 68
828 434
139 191
662 201
334 46
357 887
656 498
534 503
202 612
756 3
208 489
441 149
188 678
814 726
450 477
858 462
175 920
152 79
67 92
3 920
292 819
6 489
63 232
302 944
85 544
450 255
967 582
345 467
328 543
440 441
513 730
302 803
412 167
432 557
201 136
949 120
532 208
721 233
508 944
177 895
159 827
329 720
40 669
441 706
530 288
270 95
420 584
479 431
856 654
666 825
307 214
484 106
570 720
682 502
558 669
226 922
133 446
209 712
326 417
112 29
633 176
960 363
958 298
875 376
412 666
674 741
1 673
883 917
477 956
852 152
255 704
675 929
108 248
776 316
438 94
207 117
616 714
984 302
378 517
72 936
791 237
760 277
758 864
737 210
65 76
144 484
883 465
538 60
278 883
121 462
728 674
949 710
475 323
112 647
993 770
296 590
244 396
997 714
698 809
119 673
152 189
391 982
381 230
860 981
115 6
243 253
815 963
393 822
195 126
90 840
111 50
936 668
404 402
500 635
428 488
105 141
693 276
751 2
552 972
578 596
246 974
962 311
67 201
290 376
642 709
720 237
739 603
704 950
428 526
890 580
997 913
484 821
252 313
345 201
306 855
117 629
63 371
489 810
203 116
756 872
795 872
298 320
708 651
527 81
394 895
724 612
75 62
957 180
649 227
601 218
787 921
839 48
315 652
465 815
541 422
778 936
681 354
278 211
960 486
784 820
639 276
841 421
515 932
199 695
666 312
60 31
26 155
870 552
541 712
857 659
255 236
187 388
957 376
871 470
196 734
594 953
157 725
124 936
505 666
568 296
441 386
41 600
551 911
512 635
569 894
546 707
951 124
408 228
49 214
328 923
918 990
500 697
306 846
992 337
868 748
821 306
289 897
911 578
84 74
945 536
298 796
125 886
698 414
902 236
392 357
446 184
780 648
672 379
815 682
569 20
436 229
596 827
282 655
190 12
392 382
345 37
843 866
554 467
829 715
78 705
942 922
84 390
621 540
915 478
312 777
821 904
36 624
53 574
455 382
869 956
86 446
507 599
537 862
113 508
991 489
888 966
777 403
361 970
282 94
559 90
675 633
987 827
217 479
588 762
184 656
495 512
922 898
615 885
819 310
586 23
562 67
46 80
831 971
758 825
460 980
279 368
145 628
779 660
949 653
767 138
698 911
236 578
292 892
428 108
728 666
471 206
220 462
383 514
224 220
428 3
391 905
162 435
718 228
884 148
45 262
909 733
189 482
990 550
77 181
870 370
251 654
747 517
215 43
306 965
894 913
560 32
63 247
391 572
394 352
802 101
219 477
792 179
495 376
266 294
621 730
219 330
664 493
21 560
761 943
924 807
623 368
303 410
323 440
877 769
470 441
199 277
990 544
42 80
368 331
229 526
527 491
86 137
732 771
511 660
694 590
117 557
319 541
127 452
185 576
150 79
668 194
144 942
916 912
204 930
852 790
288 397
882 605
795 126
815 115
291 911
554 779
918 376
615 678
121 102
467 78
182 551
974 515
809 830
480 195
197 106
415 423
508 466
532 949
341 234
170 352
73 37
770 69
305 258
720 823
77 486
757 324
606 458
499 108
120 119
90 595
996 623
435 936
220 466
438 25
242 694
258 691
426 561
157 447
158 904
231 754
418 77
145 771
42 609
793 175
153 264
673 961
266 105
931 281
375 916
507 260
640 549
799 725
831 129
246 995
604 797
207 480
612 304
29 56
342 33
454 559
864 545
959 178
372 888
46 378
65 253
446 338
885 620
613 652
752 480
717 606
500 416
960 765
272 860
969 609
491 485
539 307
761 391
43 576
67 425
251 421
930 856
131 37
114 983
230 733
678 309
438 526
577 390
636 679
141 213
850 473
886 315
335 35
926 898
128 587
148 518
40 391
416 526
757 6
637 592
174 214
620 770
823 861
537 338
645 871
872 863
172 852
785 620
788 709
534 33
966 785
885 275
391 64
983 938
231 641
346 477
8 894
300 510
428 203
301 851
185 842
228 872
559 948
231 615
34 33
698 8
537 142
223 535
993 604
8 604
417 832
379 381
141 972
751 13
259 877
591 628
629 673
376 697
697 988
720 238
591 741
673 184
692 332
439 713
56 166
369 97
354 407
892 155
655 233
218 326
534 830
132 170
522 798
63 370
449 58
892 266
660 640
773 943
142 246
770 679
147 668
530 39
307 418
919 379
45 554
709 316
959 618
339 885
286 812
141 23
98 297
787 989
421 359
857 713
562 359
729 302
913 983
344 245
1 573
532 783
2 238
274 523
277 408
98 327
317 935
230 328
691 230
361 527
97 5
317 536
637 899
288 770
733 400
770 154
122 614
222 911
7 289
463 355
603 908
231 967
694 485
197 179
35 168
989 183
348 33
955 11
370 553
810 794
775 796
922 240
951 127
797 917
154 905
693 548
769 252
385 203
59 796
522 412
645 941
322 634
543 38
55 778
471 11
720 541
447 933
33 298
622 468
34 69
860 345
295 76
371 828
432 678
569 313
664 99
205 189
674 110
301 746
326 1000
322 151
845 493
204 507
875 919
902 892
924 988
708 955
105 394
566 434
482 950
394 574
757 759
711 366
548 953
83 984
472 161
80 486
762 782
523 676
672 250
502 13
274 314
419 128
99 211
155 69
356 706
291 517
558 581
815 94
527 842
197 339
436 293
74 494
317 858
344 808
899 96
495 515
991 654
98 363
740 910
925 780
857 750
995 238
201 114
878 788
862 377
115 532
858 948
412 784
497 606
58 700
797 855
10 571
597 613
304 212
395 239
966 346
549 450
223 939
610 825
618 167
174 377
784 221
920 301
866 569
223 841
960 904
632 102
158 60
872 708
464 86
102 600
17 986
894 708
553 824
147 171
720 295
540 700
372 758
764 176
395 693
508 703
494 321
367 957
116 755
17 516
471 595
57 779
919 767
367 546
974 108
43 808
501 540
557 188
160 12
344 345
623 349
238 821
313 482
333 991
601 887
947 799
640 693
222 489
169 227
667 364
86 360
679 509
388 298
450 590
707 822
13 131
913 125
967 454
715 41
235 647
937 119
559 136
726 683
678 174
524 736
373 22
469 547
73 202
628 540
535 480
619 943
409 200
326 30
145 710
572 107
936 510
887 930
157 747
339 248
158 604
840 435
70 997
254 485
93 953
495 773
653 868
190 698
408 933
750 773
434 623
962 877
45 71
229 314
887 731
492 924
127 607
241 740
756 13
353 758
529 523
949 898
348 271
519 496
391 893
603 259
909 704
159 481
916 172
935 320
6 92
544 851
502 336
452 396
271 840
439 646
48 305
470 248
474 247
740 206
759 674
134 323
137 509
194 246
57 182
579 217
255 592
751 831
865 996
778 705
393 293
694 597
398 22
130 944
848 133
69 217
731 74
930 631
554 59
213 142
341 441
269 172
473 881
681 180
130 722
226 11
1000 638
567 933
550 406
518 944
387 78
689 754
796 818
331 605
98 416
870 514
961 998
164 11
979 134
166 760
850 361
577 679
448 104
430 829
755 540
628 278
666 499
883 320
332 714
663 646
737 976
229 350
106 427
898 309
851 271
210 381
926 351
512 703
785 653
977 421
171 362
65 739
300 398
263 282
945 839
603 367
552 575
807 345
864 881
335 644
447 94
676 576
788 122
354 690
312 997
651 770
587 896
414 956
248 40
705 605
760 544
284 344
838 787
108 628
697 49
184 92
238 147
129 685
285 787
905 28
726 164
468 668
895 727
141 505
623 292
168 452
211 323
27 407
56 869
911 899
380 471
972 179
664 538
203 182
618 887
69 641
416 797
491 307
994 454
388 339
952 53
411 18
303 32
613 879
536 685
866 140
294 877
64 190
981 173
838 366
179 159
640 923
204 634
705 187
409 358
377 26
45 754
821 709
899 7
59 482
156 612
982 952
822 909
71 635
952 763
153 794
740 890
357 602
12 107
996 871
743 26
592 166
84 885
693 769
395 194
190 894
913 641
842 313
941 51
135 252
432 77
675 411
111 781
2 851
721 585
314 97
576 372
903 251
512 416
300 45
72 51
663 539
741 279
776 997
500 699
508 158
788 312
831 506
231 711
615 403
928 715
121 699
910 975
582 600
931 464
471 507
829 773
314 306
635 602
633 516
621 611
471 360
529 564
323 955
337 780
569 425
761 482
971 346
954 612
528 125
83 714
341 174
386 639
778 665
874 946
160 80
181 710
41 435
424 325
540 947
20 934
835 601
293 192
490 584
184 453
222 413
960 294
777 336
211 526
800 159
106 762
947 32
724 352
717 758
829 28
353 323
61 114
923 91
134 998
504 977
710 257
791 960
390 987
454 14
566 916
75 907
44 602
481 80
304 503
32 582
876 319
515 19
478 615
102 307
656 235
503 976
816 481
410 382
750 878
89 821
456 16
667 922
121 388
818 290
840 374
824 859
915 644
419 373
348 181
756 42
866 566
343 498
632 103
798 28
483 535
615 294
91 85
489 394
77 179
6 113
155 809
195 56
713 443
825 849
510 611
612 337
167 902
225 753
82 666
746 437
158 223
935 445
439 722
778 456
911 258
198 683
845 400
526 533
998 758
191 952
51 707
556 724
32 543
375 502
640 36
566 389
408 372
532 285
535 974
406 518
192 670
856 693
866 338
23 267
886 785
986 407
251 298
658 38
363 308
551 305
165 118
723 692
83 725
264 281
999 611
250 110
269 24
126 612
499 562
853 283
89 710
480 197
173 350
84 975
947 331
997 309
370 652
791 202
922 23
581 242
951 384
220 142
538 39
331 879
287 149
641 726
555 872
497 736
940 806
124 577
840 146
748 730
884 123
315 320
292 253
546 476
372 840
128 173
349 609
812 127
101 192
533 458
698 114
42 766
319 238
696 527
368 960
574 528
100 415
7 957
29 901
565 883
53 15
823 575
20 570
39 108
616 124
457 972
693 223
345 321
878 85
915 205
663 272
617 301
850 249
33 172
881 437
364 826
113 126
590 504
441 711
544 272
502 936
711 348
74 611
492 150
130 945
536 948
652 782
728 476
84 705
985 51
60 417
481 732
321 907
749 459
572 452
330 939
891 774
363 161
914 307
827 766
66 528
456 620
184 731
738 30
166 543
351 529
448 208
636 673
340 486
303 722
823 411
572 153
839 909
862 310
573 289
940 740
283 575
927 510
286 498
396 374
419 47
205 706
116 35
244 24
45 25
157 639
139 220
140 883
699 484
229 376
955 94
145 860
662 347
812 204
6 799
654 801
172 51
120 260
324 502
128 137
869 158
232 505
489 322
586 624
720 450
55 300
906 793
517 579
441 912
794 916
635 558
234 697
454 766
661 356
929 20
969 529
366 325
692 509
786 774
324 985
734 592
56 23
596 657
617 410
89 209
472 199
562 944
708 758
17 493
625 16
492 9
60 325
558 700
759 197
799 818
302 510
340 181
643 478
634 145
946 309
641 801
493 514
773 720
944 886
890 118
140 211
602 546
308 937
630 124
648 484
102 389
545 642
287 285
969 462
828 23
97 27
116 353
579 290
904 639
136 969
432 352
710 87
732 955
288 772
418 719
889 766
165 578
297 602
10 517
139 363
306 408
185 537
520 574
261 660
563 704
126 120
989 294
920 467
611 716
974 476
376 795
451 203
255 79
56 665
231 346
534 434
572 737
336 377
724 548
162 869
270 700
254 879
367 84
243 218
704 600
617 937
525 614
768 933
306 988
664 246
647 407
135 323
980 876
475 876
313 121
404 288
333 326
284 270
216 620
949 12
255 821
551 200
703 29
280 413
389 69
380 278
864 747
652 25
856 555
198 622
294 93
646 262
540 797
354 296
523 585
502 912
765 534
713 939
473 142
420 899
386 751
421 650
943 305
222 64
313 678
596 395
182 828
368 178
829 27
619 939
730 236
969 648
723 813
273 424
899 213
681 315
335 455
227 710
266 730
193 426
948 558
472 287
481 87
452 816
685 478
667 895
779 665
653 128
602 856
490 30
11 764
79 224
374 932
987 587
568 855
571 136
850 193
999 480
392 61
324 632
636 6
666 223
685 17
79 262
104 690
270 745
358 406
219 131
789 453
774 329
176 254
654 380
390 209
638 267
953 139
147 316
555 459
205 206
959 421
802 96
220 525
650 60
9 140
51 521
786 940
200 545
169 950
740 187
228 407
502 722
268 830
929 988
103 977
346 838
995 335
708 538
32 473
288 51
274 122
847 843
422 130
905 164
504 673
670 484
462 484
427 464
330 805
38 114
118 140
374 58
982 293
211 933
656 432
97 903
244 722
118 270
762 915
288 384
60 252
905 535
680 785
580 778
282 213
302 16
532 961
457 105
649 619
477 480
46 21
110 628
73 89
843 429
573 284
704 85
780 90
144 508
384 395
828 334
249 745
283 811
351 156
456 13
776 782
119 808
29 576
627 539
598 915
430 513
755 800
58 432
591 206
205 319
371 43
812 182
745 282
585 417
310 218
681 982
43 317
667 647
457 647
918 628
736 952
501 954
195 23
161 155
949 162
167 933
910 20
545 381
449 640
944 74
18 407
345 570
773 261
26 954
545 823
708 878
654 83
902 826
445 805
337 740
686 384
930 403
65 476
290 562
60 604
652 952
137 221
624 591
761 510
165 311
98 828
299 561
853 250
817 956
291 737
520 489
189 2
394 982
835 673
658 154
154 679
385 323
900 355
85 753
984 20
69 350
895 198
52 556
148 803
884 629
611 868
723 798
300 949
227 623
196 742
571 466
510 2
258 449
595 472
357 949
69 1
758 919
578 562
272 444
664 590
385 115
866 524
760 247
444 730
998 17
728 597
778 806
419 268
257 441
441 324
133 518
25 133
176 258
713 272
641 467
575 611
457 722
498 446
579 379
318 749
60 907
78 301
910 608
968 817
272 129
394 354
812 386
64 120
806 608
424 958
276 967
318 94
599 59
745 539
609 771
795 590
887 252
725 641
929 900
350 374
53 260
807 927
61 793
490 837
380 465
327 58
330 746
563 504
601 173
820 457
53 550
66 426
95 191
443 566
178 825
783 372
883 964
248 589
510 820
909 446
417 960
898 172
607 161
130 295
791 157
100 677
835 810
106 934
783 522
933 310
314 555
496 698
593 876
799 480
748 392
309 884
150 12
248 154
874 306
603 784
840 638
70 311
533 581
771 208
480 125
462 189
103 181
305 70
14 926
510 137
572 924
186 195
131 875
509 270
948 911
552 336
625 782
332 744
723 393
686 255
563 624
436 574
148 234
152 237
944 121
104 742
637 452
127 846
758 835
884 291
466 900
128 5
937 785
828 954
868 895
371 769
618 258
746 351
622 330
271 898
402 815
332 172
116 619
856 782
216 621
432 538
252 330
845 490
11 891
891 276
837 838
34 661
471 584
184 122
21 905
389 213
769 607
812 539
320 505
283 239
393 355
985 505
783 170
255 763
420 908
422 246
596 549
448 349
358 796
187 800
307 177
751 599
644 115
424 686
796 86
193 143
365 393
574 327
943 22
714 534
585 622
783 505
571 719
809 86
331 406
773 563
300 607
670 837
396 74
932 148
75 909
188 507
871 353
563 912
296 387
454 355
771 191
844 991
594 518
616 774
504 32
529 881
982 821
948 845
453 169
370 761
978 504
780 6
672 903
694 452
622 957
390 293
619 391
569 926
571 248
996 635
655 415
615 211
428 255
853 810
984 986
701 306
538 980
319 359
638 899
984 806
538 645
686 324
2 707
730 685
604 134
695 377
739 697
629 757
632 327
741 491
9 290
742 828
447 144
985 537
802 97
694 947
25 866
132 440
5 182
372 753
546 122
397 524
923 841
953 100
699 600
481 891
906 274
584 648
108 702
327 476
627 746
4 769
235 581
217 978
470 300
61 833
43 698
246 327
584 614
109 181
574 1
589 473
32 184
967 50
246 64
329 490
44 907
851 737
522 567
146 979
387 10
527 826
929 543
434 87
36 743
843 241
353 365
406 465
779 841
317 778
890 60
486 643
113 410
396 159
588 651
112 212
790 331
80 882
193 437
691 178
788 856
495 544
714 220
758 238
540 341
689 949
84 969
358 216
123 933
658 1000
951 365
790 149
774 750
61 487
174 190
144 509
917 286
187 49
63 706
652 504
422 807
849 585
704 372
266 819
861 290
631 818
901 923
258 655
8 838
206 105
798 301
525 715
175 822
552 695
236 832
315 691
780 927
381 334
495 442
133 707
72 535
859 47
533 418
955 496
854 722
95 394
726 445
232 17
926 191
443 893
90 147
643 923
860 435
898 656
39 110
8 642
155 597
216 549
531 814
700 847
203 865
129 582
42 417
686 866
40 642
683 168
868 228
845 53
973 192
181 651
222 313
919 397
575 511
971 553
13 962
325 560
592 381
518 661
170 303
409 203
710 429
895 995
951 909
536 596
18 478
902 647
890 225
853 475
250 128
472 442
650 206
598 385
729 214
253 656
514 506
718 842
130 499
404 662
645 681
667 24
654 262
895 86
58 529
478 402
134 264
693 953
342 74
991 592
137 791
64 273
664 544
58 371
295 578
126 66
513 689
629 873
206 218
297 798
228 566
819 897
180 945
327 834
959 169
488 874
107 371
567 84
742 555
309 324
684 400
777 562
955 772
180 727
896 128
436 889
293 976
621 636
966 277
223 416
958 941
376 701
553 885
271 990
759 497
597 406
595 738
428 523
88 588
255 992
865 916
60 622
61 679
21 976
134 445
509 241
179 292
34 737
806 323
518 343
902 950
202 715
941 852
1000 272
982 384
216 351
986 847
498 566
60 523
815 352
178 935
341 489
164 406
888 832
653 831
961 52
389 547
653 726
31 420
383 243
754 453
684 656
723 622
526 856
724 285
361 977
343 833
804 725
910 443
170 549
562 355
767 302
288 568
520 883
72 634
733 379
588 546
258 51
206 485
300 922
762 285
871 461
956 333
262 474
852 270
250 600
513 440
732 804
534 86
702 980
102 116
242 696
49 879
168 602
881 793
135 14
599 549
249 529
291 381
958 668
620 628
742 55
767 576
399 474
903 740
949 872
510 586
574 607
385 489
354 738
874 557
726 394
854 703
485 264
950 322
225 859
392 362
697 225
256 489
111 307
167 253
609 288
854 409
216 541
521 156
320 587
247 32
564 230
86 102
144 665
986 176
125 708
860 665
593 370
977 979
264 2
853 192
748 922
142 39
143 266
80 474
770 568
155 424
578 906
639 576
696 244
643 431
75 209
78 996
691 443
527 801
506 191
568 430
930 813
990 901
95 289
571 882
306 118
112 169
465 927
799 566
552 241
754 715
48 394
762 206
690 163
361 751
910 990
899 501
956 226
595 290
740 793
268 156
14 313
10 20
442 219
280 754
908 460
767 177
827 228
651 306
968 398
555 670
650 742
478 791
963 373
191 836
837 340
405 781
533 171
491 664
974 23
206 957
175 898
732 477
121 79
958 523
500 521
604 135
253 367
533 397
845 113
929 240
217 646
159 559
144 242
590 193
502 673
910 712
4 883
631 412
802 320
731 298
548 812
753 310
403 503
276 623
498 907
853 716
688 423
340 749
758 228
242 388
282 543
311 341
433 729
397 382
899 900
627 523
244 685
522 677
798 590
450 712
434 197
844 312
188 308
248 535
890 202
490 700
622 765
203 699
499 902
300 685
815 126
891 748
36 887
59 446
352 676
10 790
652 425
871 311
642 371
588 539
995 747
852 96
858 997
984 344
70 237
292 191
510 97
417 645
637 221
606 834
414 561
554 697
331 653
41 522
757 54
667 970
742 258
836 963
140 842
987 425
951 50
511 631
82 57
449 858
563 570
361 118
861 289
383 557
300 23
360 798
719 820
479 563
717 163
378 613
485 110
627 141
845 254
883 55
186 333
647 72
980 823
803 726
272 798
186 316
391 543
603 37
825 805
464 453
360 246
933 589
76 242
360 840
647 767
323 411
821 184
535 894
262 554
660 34
599 375
113 204
792 545
132 66
8 112
562 907
750 784
724 829
291 739
387 148
8 223
209 706
49 949
47 166
341 325
322 713
389 607
782 990
452 24
58 828
957 396
338 476
322 645
72 752
185 899
758 88
870 518
49 736
35 845
697 800
681 491
24 994
957 366
249 937
286 614
88 489
624 235
455 897
495 948
408 496
101 557
988 251
258 334
12 161
560 886
572 873
224 967
845 917
627 542
139 46
271 613
201 505
955 192
777 672
975 269
281 305
546 511
379 530
807 452
889 565
719 155
287 668
607 967
868 837
959 366
724 737
949 132
200 413
879 71
682 513
632 384
959 511
617 236
9 644
309 150
973 143
775 409
835 752
85 447
802 281
840 934
623 179
806 497
820 181
821 156
109 90
511 730
972 88
20 445
404 28
446 371
564 178
857 168
160 72
269 490
769 994
204 769
21 853
960 687
498 546
800 24
161 594
335 516
786 401
95 185
667 296
649 229
83 545
924 441
748 853
787 883
547 996
169 72
726 868
322 630
279 907
97 830
562 352
446 911
79 690
307 327
199 685
207 166
266 692
213 625
676 383
658 926
885 47
631 607
135 986
961 631
528 446
582 1
286 578
287 175
914 583
555 919
168 317
461 744
526 715
210 936
706 805
121 259
35 175
411 126
571 353
629 219
387 618
889 774
927 108
362 910
783 968
291 390
665 149
758 608
816 295
440 306
943 662
430 575
35 479
534 433
423 274
25 871
23 692
172 18
430 686
343 91
220 262
883 126
918 579
857 874
25 784
65 603
689 265
233 917
241 386
479 920
690 949
509 657
629 640
543 720
270 332
453 954
223 276
705 573
498 789
480 776
318 120
234 811
518 417
189 501
487 85
271 211
191 113
385 852
631 217
125 692
493 816
227 412
279 274
853 176
781 435
873 658
378 16
749 511
877 202
199 994
938 862
942 638
265 520
140 396
602 739
1 882
964 412
210 584
887 262
320 8
709 546
356 862
676 445
349 179
520 129
444 233
62 520
546 897
81 753
675 639
692 903
647 322
496 728
61 336
942 459
268 14
539 748
628 692
849 833
900 603
244 189
972 79
641 605
552 16
633 203
788 523
936 798
381 70
715 938
10 613
864 722
470 900
905 891
733 770
145 793
145 526
538 784
137 665
673 575
124 287
451 57
215 176
242 878
974 391
189 853
889 749
926 42
307 662
458 854
534 703
994 868
3 933
579 450
225 213
566 204
180 319
971 540
18 449
826 472
815 596
392 150
263 801
801 46
226 845
342 142
574 805
961 288
467 683
584 537
803 889
682 138
601 815
338 836
66 247
349 590
122 403
515 550
837 1
610 522
630 511
558 648
354 186
583 975
53 540
751 629
790 623
264 285
853 453
31 665
801 618
658 181
537 828
754 522
667 385
981 353
362 499
255 76
59 433
334 629
391 406
856 245
144 209
880 203
3 150
421 651
261 934
887 520
121 217
692 522
72 947
131 890
81 571
687 273
176 849
138 742
434 665
55 203
776 796
581 143
49 54
323 659
340 531
625 891
850 160
408 179
357 880
139 5
862 968
395 415
404 167
564 837
871 843
180 590
593 716
261 395
119 587
210 293
124 291
31 273
489 362
439 620
975 590
372 561
416 475
347 245
778 25
821 485
107 653
425 428
152 372
579 79
136 416
711 570
750 636
731 408
933 588
260 506
812 703
951 901
138 922
378 263
530 392
330 610
789 601
938 101
740 41
445 147
542 355
564 223
639 805
826 734
683 827
613 694
688 723
85 109
696 62
320 338
711 126
454 237
829 495
188 473
43 582
416 724
435 304
39 914
263 942
87 902
334 592
884 624
496 657
313 819
436 883
50 56
822 954
272 2
3 242
724 72
448 835
840 581
896 727
549 163
326 868
905 867
801 946
143 596
384 362
866 664
778 162
512 918
175 758
513 451
624 458
559 604
770 911
896 356
845 959
681 934
884 91
405 238
745 251
620 685
202 786
258 512
566 106
324 257
458 799
864 886
133 805
985 550
720 341
538 618
190 313
483 305
11 395
403 80
540 535
449 274
431 678
419 747
473 404
740 126
660 20
105 545
859 344
536 869
846 582
579 841
962 67
143 304
578 19
407 383
815 354
543 819
677 333
436 477
973 722
44 958
185 407
821 558
454 201
792 732
502 197
189 615
535 321
59 392
316 132
465 945
377 29
622 549
808 161
227 575
72 636
678 474
420 446
832 86
358 842
541 882
11 715
468 418
549 327
519 558
310 500
187 123
153 63
872 929
314 106
921 2
138 316
858 623
349 564
833 955
25 870
766 191
239 37
650 290
158 85
52 504
879 501
349 982
360 17
56 874
993 739
595 531
707 77
290 663
354 367
185 523
39 48
265 115
590 389
441 658
887 221
924 841
446 413
29 363
32 433
360 862
531 985
420 568
807 956
112 518
942 925
691 671
229 612
765 530
126 768
53 406
744 883
930 696
36 639
674 951
726 790
507 620
143 554
368 182
408 877
338 530
598 348
804 715
930 922
36 861
980 20
856 26
65 145
623 872
239 679
923 380
562 404
639 134
586 30
633 374
166 682
2 858
585 222
523 646
453 150
420 289
611 526
794 114
186 822
567 843
20 766
295 516
483 828
676 961
861 475
917 473
866 563
465 490
945 928
48 827
59 830
72 492
104 709
581 861
767 291
234 328
245 840
195 63
214 265
5 344
489 29
404 337
679 470
671 509
251 884
677 880
860 426
534 559
575 145
206 716
855 225
659 330
218 230
955 695
949 777
180 552
915 37
938 142
330 32
498 905
852 712
156 199
764 428
485 669
344 351
401 232
980 278
386 604
815 437
781 581
907 790
126 828
626 284
184 375
541 325
543 779
450 710
70 807
454 134
364 151
424 68
705 245
268 461
218 892
572 259
610 74
24 793
128 759
239 699
918 482
991 744
780 455
861 236
454 322
535 111
961 574
110 831
669 552
554 679
538 32
576 403
775 717
84 682
712 755
894 223
326 539
37 732
663 376
664 201
249 606
234 563
608 915
335 904
486 300
399 495
756 442
558 368
417 132
289 97
959 372
7 811
966 772
254 570
424 823
445 579
102 638
452 303
518 76
756 719
522 3
150 960
688 359
218 250
899 695
868 16
844 580
990 519
419 910
425 333
333 620
62 58
318 128
752 392
305 865
662 770
833 201
504 705
129 982
341 466
252 755
491 333
442 891
152 817
563 916
675 843
917 778
916 947
5 817
813 937
9 761
139 646
467 277
996 128
990 67
683 617
163 290
814 493
743 441
268 497
969 324
259 142
572 94
407 798
709 650
784 863
197 422
415 499
315 167
334 705
676 212
144 77
935 841
538 149
633 17
816 479
83 48
727 747
999 70
343 738
126 246
236 626
609 8
993 169
701 728
462 212
768 513
567 179
288 987
664 594
875 730
769 233
861 259
755 768
804 57
884 164
42 397
558 285
814 651
234 369
381 254
272 606
717 324
384 56
257 302
846 24
758 860
616 42
150 531
979 697
360 423
432 788
986 251
290 430
944 191
33 496
915 782
399 225
989 641
204 383
685 648
1000 230
158 280
569 407
125 363
617 474
259 673
77 856
26 922
891 268
450 74
15 38
492 465
420 694
186 560
800 828
565 116
702 978
159 775
839 737
226 852
583 880
108 272
15 196
278 798
991 223
578 16
817 988
692 24
108 423
914 110
271 415
388 345
445 408
54 796
302 259
909 297
199 905
316 171
429 900
767 346
456 574
258 236
27 937
209 974
66 625
503 676
217 459
914 419
273 297
239 642
889 971
89 513
619 708
315 195
923 256
374 546
875 11
344 625
695 856
352 76
686 33
414 292
79 184
981 80
983 982
141 549
605 64
550 963
111 779
438 41
621 73
22 627
864 53
44 71
617 771
817 193
546 257
324 471
94 965
465 175
798 251
824 530
845 132
593 171
849 193
915 763
667 289
195 467
825 936
536 53
298 1000
51 560
323 311
146 292
458 530
817 653
602 173
377 531
449 110
566 435
345 45
700 993
702 83
85 179
892 293
533 254
910 770
934 6
539 466
499 157
26 515
241 568
173 688
263 990
839 127
145 151
364 29
700 711
169 25
528 976
723 630
341 578
491 418
758 484
755 105
502 294
288 488
342 671
255 426
19 616
921 560
619 953
353 182
14 685
770 855
607 278
772 780
955 213
374 671
925 773
468 336
474 789
2 124
67 926
89 910
205 564
797 848
448 571
641 716
215 35
941 17
174 384
512 607
163 604
106 578
510 312
639 380
214 556
605 444
261 405
546 234
233 998
935 341
178 16
685 814
778 144
83 299
17 834
125 161
399 168
156 435
618 354
