21129.7114521
4747.55324605
4804.57470605
4860.63730605
4933.61729605
5004.65440605
5007.70571605
5118.69733605
5138.74620605
5239.79388605
5249.73782605
5320.77493605
5368.83647605
5467.84334605
5515.90488605
5598.88383605
5612.95764605
5669.92094605
5769.05875605
5806.97985605
5882.14281605
5938.02034605
6045.20614605
6051.10440605
6146.25382605
6188.16331605
6203.27528605
6335.23172605
6389.35459605
6466.27221605
6520.39508605
6594.36717605
6683.45841605
6757.43050605
6770.49044605
6907.54935605
6913.53161605
7012.60002605
7020.63341605
7148.72837605
7159.66843605
7247.79678605
7272.75249605
7375.89174605
7400.84745605
7488.97580605
7515.87439605
7616.92207605
7618.01839605
7746.07697605
7803.00138605
7875.11956605
7931.05996605
8031.22067605
8062.10045605
8177.12739605
8217.29998605
8333.22850605
8345.35856605
8404.26561605
8476.39905605
8541.32452605
8589.48311605
8726.54202605
8727.40383605
8828.45151605
8840.58495605
8971.62544605
8991.51484605
9072.67312605
9154.57817605
9185.75718605
9269.60511605
9316.79767605
9413.85043605
9425.70622605
9524.77463605
9550.90934605
9607.93080605
9623.84304605
9737.88597605
9770.99413605
9824.91800605
9828.01559605
9921.97076605
9984.11670605
10069.0391761
10112.2116661
10225.1402861
10298.2909761
10312.1723161
10369.1937761
10411.3750361
10555.2730861
10574.4383661
10718.3364161
10760.5176761
10817.5391361
10831.4204761
10904.5711661
11017.4997861
11060.6722761
11145.5947461
11207.7406861
11301.6958561
11304.7934461
11358.7173161
11391.8254761
11505.8684061
11521.7806461
11578.8021061
11604.9368161
11704.0052261
11715.8610161
11812.9137761
11860.1063361
11943.9542661
11975.1332761
12057.0383261
12138.1966061
12158.0860061
12289.1264961
12301.2599361
12402.3076161
12403.1694261
12540.2283361
12588.3869261
12653.3123961
12725.4458361
12784.3528861
12796.4829461
12912.4114661
12952.5840561
13067.6109961
13098.4907761
13198.6514861
13254.5918861
13326.7100661
13383.6344761
13511.6930561
13512.7893761
13613.8370561
13640.7356461
13728.8639961
13753.8197061
13856.9589561
13881.9146661
13970.0430161
13980.9830761
14109.0780361
14117.1114261
14216.1798361
14222.1620961
14359.2210061
14372.2809461
14446.2530361
14535.3442761
14609.3163661
14663.4392361
14740.3568561
14794.4797261
14926.4361661
14941.5481361
14983.4576261
15078.6070461
15084.5053061
15191.6911061
15247.5686361
15322.7315961
15360.6526961
15459.7905061
15516.7538061
15530.8276161
15613.8065661
15661.8681061
15760.8749761
15808.9365161
15879.9736261
15889.9175661
15990.9652461
16011.0141161
16122.0057361
16125.0570461
16196.0941561
16269.0741461
16325.1367461
16382.1582061
