904
739 221
297 279
125 442
582 175
275 430
675 652
716 783
574 788
127 126
807 554
142 757
178 609
547 387
84 163
92 75
693 408
189 265
434 64
699 353
571 159
103 57
746 302
41 276
138 93
545 659
12 10
306 732
266 160
247 334
31 901
508 119
588 562
26 710
611 435
640 434
144 413
338 53
764 903
791 490
389 449
192 107
676 720
369 623
6 54
282 555
591 452
501 199
129 618
101 166
137 486
94 397
198 743
41 117
335 600
448 60
37 104
694 626
48 25
13 7
509 31
195 98
3 1
630 23
526 850
128 189
569 425
884 159
487 136
411 427
160 216
482 64
198 158
778 753
558 317
679 769
733 414
106 839
484 95
227 566
2 1
25 268
88 167
621 348
676 258
208 181
232 84
378 346
201 315
523 390
809 350
540 579
819 823
54 303
407 799
143 312
112 13
896 786
254 57
249 374
655 148
343 55
58 140
398 274
351 177
357 230
724 333
26 95
254 348
231 429
12 37
326 31
42 2
425 113
798 475
871 597
39 50
452 615
217 125
115 278
91 12
286 439
157 38
183 249
73 678
399 142
433 689
423 122
868 455
237 77
59 290
497 863
261 716
17 21
221 24
855 597
636 433
730 123
843 241
8 6
435 244
775 559
595 865
832 476
169 41
526 768
216 298
793 169
886 487
213 55
11 280
173 777
593 597
3 31
721 613
116 83
513 16
173 141
692 509
29 28
375 36
415 601
265 332
28 128
837 867
639 65
409 153
564 474
586 210
389 289
519 773
255 25
56 233
541 851
89 172
815 400
21 470
212 381
210 128
100 62
367 641
15 65
304 535
184 177
668 873
244 408
897 707
202 137
323 688
34 197
529 52
264 414
106 875
517 904
38 72
457 370
4 5
339 317
806 252
62 785
48 174
55 395
44 284
737 326
223 70
54 450
203 596
136 218
104 362
700 337
291 447
102 122
424 48
396 79
513 750
62 33
349 66
136 27
226 417
419 577
25 129
538 281
781 398
247 845
245 4
340 565
837 688
534 156
436 187
524 550
366 60
292 250
696 508
573 631
85 28
685 821
342 279
181 483
1 148
505 47
658 408
19 282
885 371
685 453
303 519
116 668
583 589
471 39
490 592
498 338
723 429
440 35
870 575
78 44
143 155
170 259
331 22
683 469
637 102
320 649
590 231
819 778
98 91
593 632
53 74
474 76
704 365
734 742
8 68
273 163
423 714
1 10
428 774
135 15
343 456
20 10
33 133
541 402
286 34
542 570
898 167
321 50
744 390
453 374
52 310
34 57
804 43
108 37
236 54
698 53
17 19
755 45
77 21
776 30
859 308
124 459
397 634
553 492
99 160
454 350
42 225
840 684
864 290
369 240
29 33
801 587
451 317
132 11
317 73
109 613
817 354
402 669
80 239
234 410
741 239
495 895
272 140
178 108
320 153
433 53
573 113
458 286
6 18
520 292
305 309
96 209
499 244
46 38
337 372
101 180
670 167
729 181
539 883
802 237
892 561
140 207
242 112
79 701
858 54
323 411
580 219
122 387
43 81
645 179
358 361
687 136
450 460
159 238
96 75
326 444
68 808
794 783
29 70
110 563
797 432
106 181
3 363
16 17
126 373
552 448
5 575
77 337
388 673
107 561
13 711
153 107
770 282
2 587
650 498
64 60
198 401
629 763
4 567
178 388
104 287
507 252
848 9
215 58
37 143
189 844
11 63
8 113
648 547
29 560
60 110
237 583
263 54
638 351
307 213
419 381
25 872
138 145
30 866
146 271
236 533
371 239
94 574
241 118
282 562
134 11
764 387
367 332
224 347
407 177
404 72
59 29
853 368
254 354
89 177
288 272
241 680
131 122
517 483
160 182
110 335
284 833
531 367
177 473
830 102
206 296
420 170
16 69
121 400
257 152
171 114
125 159
847 845
345 150
735 632
805 877
300 101
856 530
5 7
464 414
170 13
7 24
796 501
395 715
545 241
525 800
50 275
186 196
22 16
31 188
186 479
244 37
380 67
740 426
762 382
385 337
482 556
900 370
431 201
146 336
91 260
547 810
261 305
237 360
193 154
129 306
415 107
281 273
34 35
65 497
518 822
125 191
879 182
653 831
767 743
626 570
32 71
361 780
217 542
147 291
280 827
401 490
147 186
173 211
728 751
164 128
72 502
51 115
325 242
765 175
246 463
391 102
468 328
118 252
622 518
43 15
463 610
327 422
106 15
620 825
69 353
286 364
19 228
126 105
4 1
576 370
899 329
145 146
438 389
99 522
353 749
314 201
175 539
503 21
264 220
18 283
29 813
779 10
120 258
500 605
22 162
120 261
114 544
539 554
328 379
81 88
324 298
852 757
493 347
94 18
337 646
258 608
782 706
350 48
151 168
51 12
52 229
8 14
36 33
17 56
1 485
5 667
654 205
500 836
356 66
206 102
313 771
30 34
123 42
333 617
233 247
224 441
98 394
220 846
135 277
137 253
663 479
106 341
187 136
440 792
83 89
239 279
335 352
392 306
660 128
246 122
712 167
623 677
888 338
703 579
220 16
878 823
818 238
418 691
421 244
23 41
87 376
183 18
446 188
30 390
2 90
772 383
42 83
54 86
67 230
92 532
61 80
14 25
65 139
195 620
456 834
857 400
635 745
538 598
74 706
829 585
24 38
416 662
672 177
182 346
328 265
76 203
79 235
148 165
243 206
262 178
207 231
77 549
144 122
33 149
514 427
537 336
219 738
184 491
131 557
96 506
55 42
67 53
656 475
572 525
27 23
62 158
642 589
760 84
175 476
79 528
481 177
653 444
308 306
142 64
894 254
838 830
80 546
27 790
29 358
500 824
250 467
584 257
118 63
416 404
421 504
495 12
6 16
212 121
380 477
2 6
861 102
204 661
214 85
89 114
635 301
524 222
410 671
102 121
222 23
595 83
311 41
33 39
443 540
882 475
614 37
111 44
7 154
607 234
835 368
603 82
581 190
248 64
315 731
29 79
766 292
604 469
1 76
583 893
421 461
795 243
354 869
496 109
508 652
171 521
7 713
543 524
557 627
120 37
235 651
15 1
330 55
531 786
200 862
71 316
73 515
109 33
752 744
45 19
402 717
206 816
78 647
625 559
101 25
27 60
313 45
776 828
719 560
365 306
500 880
226 27
889 774
382 386
215 304
599 543
261 510
269 95
803 388
902 811
238 551
587 682
60 644
240 196
187 525
198 619
47 17
393 754
126 405
191 359
151 59
42 559
11 289
753 637
102 98
295 12
30 4
594 258
490 681
4 26
98 718
293 166
611 881
399 643
105 516
344 37
108 176
44 42
23 49
5 887
119 16
432 418
424 492
156 15
494 100
167 548
701 841
185 8
69 75
77 125
356 705
308 355
102 633
465 213
445 205
343 876
453 472
686 707
327 306
527 709
172 428
139 518
629 348
86 628
842 86
458 512
400 593
213 333
4 511
443 187
756 219
73 22
274 108
288 684
79 874
3 28
612 242
640 657
26 250
34 53
394 736
25 194
263 267
478 471
748 742
199 27
193 294
747 224
234 187
8 66
316 488
368 2
115 147
145 227
7 9
12 578
147 759
319 73
406 196
726 179
82 2
469 401
113 530
475 35
169 403
205 11
68 585
722 721
500 261
107 48
137 90
1 383
695 263
28 568
87 35
849 788
179 480
13 99
40 30
410 787
118 624
148 384
728 567
708 697
218 826
426 229
666 635
542 811
204 322
606 209
393 311
22 141
251 250
149 152